1
100
30
69
34


0      1380.00     939.00

1      2848.00     96.00
2      3510.00     1671.00
3      457.00     334.00
4      3888.00     666.00
5      984.00     965.00
6      2721.00     1482.00
7      1286.00     525.00
8      2716.00     1432.00
9      738.00     1325.00
10      1251.00     1832.00
11      2728.00     1698.00
12      3815.00     169.00
13      3683.00     1533.00
14      1247.00     1945.00
15      123.00     862.00
16      1234.00     1946.00
17      252.00     1240.00
18      611.00     673.00
19      2576.00     1676.00
20      928.00     1700.00
21      53.00     857.00
22      1807.00     1711.00
23      274.00     1420.00
24      2574.00     946.00
25      178.00     24.00
26      2678.00     1825.00
27      1795.00     962.00
28      3384.00     1498.00
29      3520.00     1079.00
30      1256.00     61.00


31      1424.00     1728.00
32      3913.00     192.00
33      3085.00     1528.00
34      2573.00     1969.00
35      463.00     1670.00
36      3875.00     598.00
37      298.00     1513.00
38      3479.00     821.00
39      2542.00     236.00
40      3955.00     1743.00
41      1323.00     280.00
42      3447.00     1830.00
43      2936.00     337.00
44      1621.00     1830.00
45      3373.00     1646.00
46      1393.00     1368.00
47      3874.00     1318.00
48      938.00     955.00
49      3022.00     474.00
50      2482.00     1183.00
51      3854.00     923.00
52      376.00     825.00
53      2519.00     135.00
54      2945.00     1622.00
55      953.00     268.00
56      2628.00     1479.00
57      2097.00     981.00
58      890.00     1846.00
59      2139.00     1806.00
60      2421.00     1007.00
61      2290.00     1810.00
62      1115.00     1052.00
63      2588.00     302.00
64      327.00     265.00
65      241.00     341.00
66      1917.00     687.00
67      2991.00     792.00
68      2573.00     599.00
69      19.00     674.00
70      3911.00     1673.00
71      872.00     1559.00
72      2863.00     558.00
73      929.00     1766.00
74      839.00     620.00
75      3893.00     102.00
76      2178.00     1619.00
77      3822.00     899.00
78      378.00     1048.00
79      1178.00     100.00
80      2599.00     901.00
81      3416.00     143.00
82      2961.00     1605.00
83      611.00     1384.00
84      3113.00     885.00
85      2597.00     1830.00
86      2586.00     1286.00
87      161.00     906.00
88      1429.00     134.00
89      742.00     1025.00
90      1625.00     1651.00
91      1187.00     706.00
92      1787.00     1009.00
93      22.00     987.00
94      3640.00     43.00
95      3756.00     882.00
96      776.00     392.00
97      1724.00     1642.00
98      198.00     1810.00
99      3950.00     1558.00


1     7     43     53     63     39     49     72     81     
2     8     45     42     70     33     40     99     47     82     
3     2     64     65     
4     5     36     77     95     51     38     
5     1     48     
6     7     56     86     54     82     33     85     50     
7     2     91     41     
8     3     56     86     54     
9     2     83     71     
10     5     31     73     58     44     90     
11     10     85     54     56     82     34     33     86     61     76     50     
12     6     32     75     94     81     36     95     
13     3     70     99     47     
14     4     31     73     58     44     
15     5     87     93     69     52     78     
16     2     31     73     
17     6     78     37     93     87     83     52     
18     3     74     52     96     
19     4     85     56     34     61     
20     2     73     58     
21     7     87     93     69     52     78     65     64     
22     9     97     90     44     59     76     31     61     46     92     
23     9     37     35     83     78     98     93     87     52     89     
24     3     80     60     50     
25     8     64     65     69     96     55     52     87     74     
26     8     85     34     54     56     82     61     33     59     
27     2     92     66     
28     3     45     33     42     
29     7     38     95     77     51     47     84     45     
30     1     79     

5
0.07

57
62
67
68
88
