1
100
40
59
59


0      3477.00     949.00

1      91.00     1732.00
2      3972.00     329.00
3      198.00     1632.00
4      1806.00     733.00
5      538.00     1023.00
6      3430.00     1088.00
7      2186.00     766.00
8      1513.00     1646.00
9      2143.00     1611.00
10      53.00     1657.00
11      3404.00     1307.00
12      1034.00     1344.00
13      2823.00     376.00
14      3104.00     1931.00
15      3232.00     324.00
16      2790.00     1457.00
17      374.00     9.00
18      741.00     146.00
19      3083.00     1938.00
20      3502.00     1067.00
21      1280.00     237.00
22      3326.00     1846.00
23      217.00     38.00
24      2503.00     1172.00
25      3527.00     41.00
26      739.00     1850.00
27      3548.00     1999.00
28      48.00     154.00
29      1419.00     872.00
30      1689.00     1223.00
31      3468.00     1404.00
32      1628.00     253.00
33      382.00     872.00
34      3029.00     1242.00
35      3646.00     1758.00
36      285.00     1029.00
37      1782.00     93.00
38      1067.00     371.00
39      2849.00     1214.00
40      920.00     1835.00


41      1741.00     712.00
42      876.00     220.00
43      2753.00     283.00
44      2609.00     1286.00
45      3941.00     258.00
46      3613.00     523.00
47      1754.00     559.00
48      2916.00     1724.00
49      2445.00     1820.00
50      3825.00     1101.00
51      2779.00     435.00
52      201.00     693.00
53      2502.00     1274.00
54      765.00     833.00
55      3105.00     1823.00
56      1937.00     1400.00
57      3364.00     1498.00
58      3702.00     1624.00
59      2164.00     1874.00
60      3019.00     189.00
61      3098.00     1594.00
62      3239.00     1376.00
63      3359.00     1693.00
64      2081.00     1011.00
65      1398.00     1100.00
66      618.00     1953.00
67      1878.00     59.00
68      3803.00     886.00
69      397.00     1217.00
70      3035.00     152.00
71      2502.00     146.00
72      3230.00     380.00
73      3479.00     1023.00
74      958.00     1670.00
75      3423.00     1241.00
76      78.00     1066.00
77      96.00     691.00
78      3431.00     78.00
79      2053.00     1461.00
80      3048.00     1.00
81      571.00     1711.00
82      3393.00     782.00
83      2835.00     1472.00
84      144.00     1185.00
85      923.00     108.00
86      989.00     1997.00
87      3061.00     1211.00
88      2977.00     39.00
89      1668.00     658.00
90      878.00     715.00
91      678.00     1599.00
92      1086.00     868.00
93      640.00     110.00
94      3551.00     1673.00
95      106.00     1267.00
96      2243.00     1332.00
97      3796.00     1401.00
98      2643.00     1320.00
99      48.00     267.00


1     4     95     81     84     66     
2     6     45     46     68     78     82     72     
3     5     95     81     84     69     91     
4     2     41     89     
5     7     69     54     84     90     76     52     95     
6     7     73     75     82     62     87     50     57     
7     5     64     41     47     89     96     
8     6     56     74     65     79     86     59     
9     3     79     59     56     
10     10     95     84     81     69     76     91     66     74     77     52     
11     2     75     62     
12     3     74     91     65     
13     5     51     43     60     70     88     
14     10     55     48     61     63     57     94     83     62     49     58     
15     10     72     60     70     78     80     88     46     51     43     82     
16     4     83     98     44     48     
17     8     93     99     42     85     52     77     90     54     
18     7     93     42     85     90     54     99     52     
19     6     55     48     61     63     57     83     
20     9     73     75     82     50     68     62     97     57     87     
21     8     85     42     89     47     67     90     93     92     
22     9     63     55     94     61     57     48     58     62     75     
23     10     99     93     52     77     42     85     90     54     76     84     
24     8     53     44     98     96     83     64     79     87     
25     8     78     72     45     80     46     70     60     88     
26     2     66     81     
27     7     94     63     58     55     57     61     97     
28     6     99     77     52     93     42     85     
29     1     65     
30     2     56     65     
31     4     57     75     62     94     
32     3     67     47     89     
33     7     52     77     69     76     54     84     95     
34     1     87     
35     6     94     58     63     57     97     55     
36     8     84     76     69     95     52     77     54     90     
37     5     67     47     89     41     71     
38     5     42     85     90     92     93     
39     10     87     98     44     83     53     62     61     48     75     57     
40     1     74     

0
0.00

