1
200
80
119
89


0      1357.00     1905.00

1      2650.00     802.00
2      1774.00     107.00
3      1307.00     964.00
4      3806.00     746.00
5      2687.00     1353.00
6      43.00     1957.00
7      3092.00     1668.00
8      185.00     1542.00
9      834.00     629.00
10      40.00     462.00
11      1183.00     1391.00
12      2048.00     1628.00
13      1097.00     643.00
14      1838.00     1732.00
15      234.00     1118.00
16      3314.00     1881.00
17      737.00     1285.00
18      779.00     777.00
19      2312.00     1949.00
20      2576.00     189.00
21      3078.00     1541.00
22      2781.00     478.00
23      705.00     1812.00
24      3409.00     1917.00
25      323.00     1714.00
26      1660.00     1556.00
27      3729.00     1188.00
28      693.00     1383.00
29      2361.00     640.00
30      2433.00     1538.00
31      554.00     1825.00
32      913.00     317.00
33      3586.00     1909.00
34      2636.00     727.00
35      1000.00     457.00
36      482.00     1337.00
37      3704.00     1082.00
38      3635.00     1174.00
39      1362.00     1526.00
40      2049.00     417.00
41      2552.00     1909.00
42      3939.00     640.00
43      219.00     898.00
44      812.00     351.00
45      901.00     1552.00
46      2513.00     1572.00
47      242.00     584.00
48      826.00     1226.00
49      3278.00     799.00
50      86.00     1065.00
51      14.00     454.00
52      1327.00     1893.00
53      2773.00     1286.00
54      2469.00     1838.00
55      3835.00     963.00
56      1031.00     428.00
57      3853.00     1712.00
58      1868.00     197.00
59      1544.00     863.00
60      457.00     1607.00
61      3174.00     1064.00
62      192.00     1004.00
63      2318.00     1925.00
64      2232.00     1374.00
65      396.00     828.00
66      2365.00     1649.00
67      2499.00     658.00
68      1410.00     307.00
69      2990.00     214.00
70      3646.00     1018.00
71      3394.00     1028.00
72      1779.00     90.00
73      1058.00     372.00
74      2933.00     1459.00
75      3099.00     173.00
76      2178.00     978.00
77      138.00     1610.00
78      2082.00     1753.00
79      2302.00     1127.00
80      805.00     272.00


81      22.00     1617.00
82      3213.00     1085.00
83      99.00     536.00
84      1533.00     1780.00
85      3564.00     676.00
86      29.00     6.00
87      3808.00     1375.00
88      2221.00     291.00
89      3499.00     1885.00
90      3124.00     408.00
91      781.00     671.00
92      1027.00     1041.00
93      3249.00     378.00
94      3297.00     491.00
95      213.00     220.00
96      721.00     186.00
97      3736.00     1542.00
98      868.00     731.00
99      960.00     303.00
100      1380.00     939.00
101      2848.00     96.00
102      3510.00     1671.00
103      457.00     334.00
104      3888.00     666.00
105      984.00     965.00
106      2721.00     1482.00
107      1286.00     525.00
108      2716.00     1432.00
109      738.00     1325.00
110      1251.00     1832.00
111      2728.00     1698.00
112      3815.00     169.00
113      3683.00     1533.00
114      1247.00     1945.00
115      123.00     862.00
116      1234.00     1946.00
117      252.00     1240.00
118      611.00     673.00
119      2576.00     1676.00
120      928.00     1700.00
121      53.00     857.00
122      1807.00     1711.00
123      274.00     1420.00
124      2574.00     946.00
125      178.00     24.00
126      2678.00     1825.00
127      1795.00     962.00
128      3384.00     1498.00
129      3520.00     1079.00
130      1256.00     61.00
131      1424.00     1728.00
132      3913.00     192.00
133      3085.00     1528.00
134      2573.00     1969.00
135      463.00     1670.00
136      3875.00     598.00
137      298.00     1513.00
138      3479.00     821.00
139      2542.00     236.00
140      3955.00     1743.00
141      1323.00     280.00
142      3447.00     1830.00
143      2936.00     337.00
144      1621.00     1830.00
145      3373.00     1646.00
146      1393.00     1368.00
147      3874.00     1318.00
148      938.00     955.00
149      3022.00     474.00
150      2482.00     1183.00
151      3854.00     923.00
152      376.00     825.00
153      2519.00     135.00
154      2945.00     1622.00
155      953.00     268.00
156      2628.00     1479.00
157      2097.00     981.00
158      890.00     1846.00
159      2139.00     1806.00
160      2421.00     1007.00
161      2290.00     1810.00
162      1115.00     1052.00
163      2588.00     302.00
164      327.00     265.00
165      241.00     341.00
166      1917.00     687.00
167      2991.00     792.00
168      2573.00     599.00
169      19.00     674.00
170      3911.00     1673.00
171      872.00     1559.00
172      2863.00     558.00
173      929.00     1766.00
174      839.00     620.00
175      3893.00     102.00
176      2178.00     1619.00
177      3822.00     899.00
178      378.00     1048.00
179      1178.00     100.00
180      2599.00     901.00
181      3416.00     143.00
182      2961.00     1605.00
183      611.00     1384.00
184      3113.00     885.00
185      2597.00     1830.00
186      2586.00     1286.00
187      161.00     906.00
188      1429.00     134.00
189      742.00     1025.00
190      1625.00     1651.00
191      1187.00     706.00
192      1787.00     1009.00
193      22.00     987.00
194      3640.00     43.00
195      3756.00     882.00
196      776.00     392.00
197      1724.00     1642.00
198      198.00     1810.00
199      3950.00     1558.00


1     8     180     124     168     160     172     167     150     184     
2     8     188     141     88     130     179     166     107     153     
3     1     100     
4     10     104     195     177     136     151     85     138     129     132     94     
5     2     108     186     
6     6     198     81     135     137     123     117     
7     5     133     182     154     145     128     
8     1     137     
9     1     174     
10     8     83     169     165     95     164     121     115     103     
11     2     146     162     
12     3     176     159     122     
13     4     191     107     98     174     
14     8     122     197     190     144     84     159     176     131     
15     8     117     178     187     193     115     123     121     152     
16     4     142     89     145     102     
17     4     109     183     189     171     
18     4     98     91     174     118     
19     10     161     159     134     185     176     119     126     111     122     156     
20     2     139     153     
21     6     133     182     154     128     145     106     
22     9     172     143     168     149     163     139     90     167     101     
23     9     158     173     120     135     171     183     109     137     198     
24     9     142     89     102     145     128     113     97     133     182     
25     1     135     
26     3     190     197     122     
27     5     147     87     129     151     177     
28     5     109     183     171     189     135     
29     4     168     180     160     124     
30     4     119     156     176     106     
31     7     135     158     198     173     120     137     171     
32     8     99     155     196     96     174     179     91     141     
33     7     89     142     102     145     113     97     170     
34     7     168     180     124     172     160     167     163     
35     2     99     155     
36     5     183     123     117     137     109     
37     9     129     195     177     151     147     87     138     85     113     
38     2     129     87     
39     7     146     131     190     84     110     197     144     
40     6     88     166     139     153     163     168     
41     10     134     185     126     119     111     161     159     156     106     176     
42     7     104     136     177     151     195     85     132     
43     9     187     115     121     152     193     178     169     117     83     
44     8     196     99     155     96     174     91     103     118     
45     2     171     120     
46     10     119     156     106     108     111     185     186     126     161     176     
47     2     83     169     
48     7     109     189     183     92     148     105     171     
49     8     184     138     167     82     94     85     129     149     
50     7     193     187     115     121     117     178     152     
51     4     83     169     165     95     
52     8     114     110     116     131     84     144     190     173     
53     2     108     186     
54     3     185     134     161     
55     8     151     177     195     104     129     147     136     138     
56     10     99     155     196     174     107     191     141     98     91     179     
57     5     170     140     199     97     113     
58     8     88     188     166     141     130     153     107     139     
59     2     100     127     
60     9     135     137     123     183     198     109     171     117     81     
61     3     82     184     167     
62     5     187     115     193     178     121     
63     9     161     159     134     185     176     119     126     111     156     
64     9     176     150     186     156     160     157     161     159     119     
65     2     152     178     
66     7     161     176     119     159     185     156     126     
67     3     168     180     124     
68     1     141     
69     5     143     101     90     149     93     
70     9     129     195     177     151     138     85     147     87     104     
71     6     129     82     138     184     195     85     
72     10     188     88     141     130     179     166     107     153     139     163     
73     5     99     155     107     141     196     
74     5     182     154     133     106     108     
75     5     143     90     93     101     149     
76     10     157     160     150     127     166     192     124     180     186     168     
77     10     81     137     198     123     135     117     183     178     193     109     
78     5     159     176     161     122     197     
79     6     160     150     157     186     124     180     
80     4     96     196     155     99     

6
0.05

86
112
125
175
181
194
