1
535
214
320
160


0      36.49     7.49

1      57.06     9.51
2      30.22     48.14
3      5.15     -3.56
4      34.59     -106.37
5      57.12     -2.12
6      16.45     -99.45
7      5.36     -0.10
8      28.56     -13.36
9      8.59     38.48
10      12.50     45.02
11      -34.48     138.38
12      30.23     -9.33
13      56.18     12.51
14      36.40     -4.30
15      40.38     8.17
16      35.11     -3.50
17      41.55     8.48
18      -37.01     174.47
19      38.17     -0.34
20      36.42     3.13
21      36.11     37.14
22      35.14     -101.42
23      31.58     35.59
24      52.18     4.46
25      61.10     -149.59
26      39.57     32.41
27      51.11     4.28
28      17.08     -61.47
29      43.37     13.22
30      29.38     35.01
31      59.39     17.55
32      15.18     38.55
33      -25.14     -57.31
34      23.58     32.47
35      37.54     23.44
36      33.46     -84.31
37      12.30     -70.01
38      24.26     54.28
39      36.55     30.48
40      26.16     50.38
41      40.29     50.01
42      39.11     -76.40
43      10.48     -74.52
44      -16.11     -52.30
45      10.25     45.01
46      41.18     2.05
47      32.22     -64.42
48      41.56     -72.41
49      40.39     17.57
50      44.49     20.19
51      9.21     34.31
52      32.06     20.16
53      52.29     13.24
54      48.27     -4.25
55      -19.48     3.45
56      33.49     35.29
57      54.39     -6.14
58      35.48     -101.22
59      4.24     18.31
60      13.04     -59.30
61      60.17     5.13
62      44.48     -68.50
63      33.14     44.14
64      45.40     9.24
65      33.34     -86.45
66      52.27     -1.45
67      42.33     9.29
68      45.48     -108.37
69      43.28     -1.32
70      13.21     -16.40
71      -3.19     29.19
72      13.55     100.36
73      12.38     -8.02
74      55.44     9.09
75      44.32     11.18
76      12.57     77.40
77      -15.41     34.58
78      27.13     56.22
79      -27.25     153.05
80      44.50     -0.43
81      4.42     -74.09
82      50.47     -1.51
83      19.05     72.52
84      67.16     14.22
85      42.22     -71.00
86      53.03     8.48
87      41.08     16.47
88      46.55     7.30
89      51.31     -2.35
90      50.54     4.29
91      -15.52     -47.55
92      47.35     7.32
93      48.10     16.13
94      47.27     19.15
95      -34.49     -58.32
96      42.55     -78.38
97      44.30     26.06
98      49.27     2.07
99      -4.15     15.15
100      39.15     9.04
101      30.08     31.24
102      23.11     113.16
103      33.33     -7.40
104      -11.54     22.45
105      4.49     -52.22
106      52.13     0.11
107      -35.19     149.12
108      10.36     -66.59
109      22.39     88.27
110      52.50     -1.19
111      49.01     2.33
112      43.33     6.57
113      45.40     -0.19
114      39.37     19.55
115      50.52     7.09
116      41.59     -87.54
117      41.48     12.36
118      9.34     -13.37
119      41.25     -81.51
120      3.26     -76.25
121      42.31     8.48
122      -28.02     145.37
123      7.11     79.53
124      40.04     -83.04
125      33.22     -7.35
126      48.07     7.22
127      44.22     28.29
128      45.40     -0.19
129      6.21     2.23
130      55.37     12.39
131      -33.58     18.36
132      37.28     15.04
133      10.27     -75.31
134      -26.25     146.14
135      39.00     17.05
136      12.12     -68.57
137      39.09     -84.20
138      39.03     -84.20
139      51.24     -3.12
140      29.11     -81.03
141      23.46     90.23
142      14.45     42.59
143      32.50     -96.51
144      33.25     36.31
145      -6.53     39.12
146      42.34     18.16
147      -29.58     30.57
148      38.51     -77.02
149      28.34     77.07
150      39.46     -104.53
151      32.46     -96.24
152      26.16     50.10
153      47.16     5.05
154      33.52     10.47
155      14.45     -17.30
156      4.01     9.43
157      19.08     30.26
158      25.16     51.34
159      49.22     0.10
160      -8.45     115.10
161      51.08     13.46
162      -12.25     130.52
163      42.14     -83.32
164      42.13     -83.21
165      53.26     -6.15
166      51.17     6.45
167      25.15     55.20
168      0.03     32.26
169      45.32     4.18
170      55.57     -3.22
171      51.27     5.23
172      31.48     -106.16
173      52.50     -1.19
174      48.19     6.04
175      40.07     33.00
176      40.09     82.40
177      40.42     -74.10
178      50.44     -3.25
179      -34.49     -58.32
180      64.49     -147.51
181      37.01     -7.58
182      -11.35     27.31
183      59.54     10.37
184      41.49     12.15
185      14.35     -61.00
186      33.56     45.80
187      -4.23     15.26
188      43.49     11.12
189      8.37     -13.12
190      41.26     15.32
191      50.02     8.34
192      44.12     12.04
193      -21.13     27.29
194      28.27     -13.52
195      53.29     -1.00
196      -19.27     29.52
197      54.23     18.28
198      60.12     11.05
199      24.57     10.10
200      -22.50     -43.15
201      55.52     -4.26
202      45.22     5.20
203      7.09     41.43
204      44.25     8.50
205      57.40     18.18
206      41.54     2.46
207      37.11     -3.47
208      47.00     15.26
209      51.09     -0.11
210      14.34     -90.32
211      46.14     6.07
212      -2.09     -79.53
213      52.28     9.42
214      53.38     10.00


215      60.19     24.58
216      35.20     25.11
217      30.20     120.51
218      22.19     114.12
219      31.40     6.09
220      35.33     139.46
221      21.20     -157.55
222      29.59     -95.28
223      38.57     -77.27
224      43.06     -78.57
225      38.52     1.22
226      47.34     -97.27
227      50.21     30.55
228      -25.44     -54.28
229      39.44     -86.17
230      40.59     28.49
231      38.17     27.10
232      21.30     39.12
233      49.13     -2.12
234      40.38     -73.46
235      11.33     43.10
236      -6.09     106.51
237      -26.08     28.15
238      -3.22     36.38
239      45.28     -73.44
240      12.03     8.31
241      34.34     69.12
242      63.59     -22.37
243      -1.58     30.08
244      22.34     120.17
245      24.54     67.09
246      -6.18     155.43
247      17.56     -76.48
248      50.05     19.47
249      15.36     32.33
250      27.42     85.22
251      3.08     101.33
252      29.13     47.58
253      -8.51     13.14
254      10.36     -66.59
255      36.04     -115.09
256      33.56     -118.24
257      53.52     -1.39
258      48.58     2.27
259      0.27     9.25
260      34.52     33.38
261      43.11     0.00
262      59.49     30.17
263      36.51     -2.22
264      51.24     12.25
265      51.25     12.14
266      6.10     1.15
267      40.46     -73.52
268      33.57     -118.24
269      50.38     5.27
270      51.09     -0.11
271      51.28     -0.27
272      50.34     3.05
273      -12.01     -77.07
274      45.27     9.16
275      38.46     -9.08
276      46.13     14.28
277      35.30     12.37
278      48.14     14.11
279      51.28     -0.27
280      6.35     3.20
281      27.56     -15.23
282      -16.30     -68.11
283      53.21     -2.53
284      6.10     1.15
285      51.53     -0.22
286      -25.55     32.34
287      -15.20     28.27
288      4.27     114.00
289      49.37     6.12
290      -17.49     25.49
291      25.41     32.43
292      45.44     4.56
293      13.00     80.11
294      40.29     -3.34
295      31.52     -4.13
296      53.21     -2.16
297      -3.04     -60.00
298      10.34     -71.44
299      -4.02     39.36
300      46.22     15.47
301      39.18     -94.44
302      28.32     -81.20
303      23.36     58.17
304      44.25     8.50
305      -37.44     144.54
306      24.31     39.42
307      -37.41     144.51
308      19.26     -99.04
309      12.07     -86.11
310      2.01     45.19
311      25.48     -80.17
312      20.56     -89.41
313      45.27     9.16
314      35.45     10.45
315      39.07     -94.36
316      35.52     14.29
317      4.11     73.32
318      47.45     7.26
319      55.33     13.22
320      54.31     -1.25
321      14.31     121.01
322      55.58     37.25
323      43.35     3.58
324      -25.55     32.34
325      -8.58     125.13
326      43.26     5.13
327      -20.26     57.41
328      51.21     1.21
329      44.53     -93.13
330      53.52     27.33
331      50.55     5.47
332      29.59     -90.16
333      -26.31     31.19
334      48.08     11.42
335      -34.50     -56.02
336      45.38     8.43
337      49.05     6.08
338      -17.45     177.27
339      40.53     14.18
340      25.02     -77.28
341      -1.19     36.56
342      43.40     7.13
343      55.02     -1.41
344      45.56     6.06
345      12.08     15.02
346      32.56     129.56
347      35.09     36.17
348      13.29     2.10
349      18.06     -15.57
350      -13.00     28.39
351      58.35     16.15
352      35.45     140.23
353      47.09     -1.36
354      49.30     11.05
355      52.41     1.17
356      40.38     -73.46
357      55.28     10.20
358      46.26     30.41
359      26.21     127.46
360      35.26     -97.46
361      40.54     9.31
362      41.07     -95.55
363      41.14     -8.41
364      41.59     -87.54
365      51.50     -8.29
366      28.26     -81.19
367      35.38     -0.37
368      48.43     2.23
369      34.47     135.27
370      60.12     11.05
371      51.12     2.52
372      44.34     26.06
373      12.21     -1.31
374      43.26     -5.50
375      18.34     -72.17
376      48.43     2.23
377      40.05     116.36
378      -31.56     115.58
379      4.52     7.02
380      37.08     -76.30
381      39.52     -75.15
382      33.26     -112.01
383      55.52     -4.26
384      46.35     0.18
385      40.30     -80.14
386      -5.15     39.49
387      39.33     2.44
388      38.10     13.06
389      11.33     104.51
390      36.49     11.58
391      -9.27     147.13
392      10.36     -61.21
393      9.05     -79.23
394      50.06     14.16
395      43.41     10.24
396      42.26     14.11
397      16.16     -61.32
398      9.03     -79.24
399      43.23     -0.25
400      45.39     12.12
401      31.37     -8.03
402      34.03     -6.45
403      -8.08     -34.55
404      38.04     15.39
405      64.08     -21.57
406      16.54     96.09
407      49.19     4.03
408      36.23     28.07
409      -29.43     -53.42
410      -22.50     -43.15
411      45.13     14.35
412      44.01     12.37
413      48.04     -1.44
414      6.14     -10.22
415      41.49     12.15
416      14.10     145.15
417      -32.55     -60.47
418      51.57     4.26
419      24.42     46.44
420      33.37     73.06
421      6.30     -58.15
422      15.29     44.13
423      13.42     -89.07
424      32.44     -117.11
425      -23.00     -47.08
426      29.32     -98.28
427      -17.56     31.06
428      48.31     -24.80
429      -33.23     -70.47
430      42.54     -8.25
431      33.14     44.14
432      18.26     -69.40
433      47.27     -122.18
434      27.00     14.27
435      37.33     126.48
436      51.34     0.42
437      -4.40     55.31
438      37.37     -122.23
439      31.12     121.20
440      25.21     55.24
441      16.45     -22.57
442      1.21     103.54
443      37.22     -121.56
444      43.49     18.20
445      9.58     -84.16
446      9.59     -84.12
447      18.26     -66.01
448      40.31     22.58
449      41.58     21.38
450      40.53     -111.57
451      36.58     -25.10
452      52.42     -8.55
453      42.42     23.24
454      43.32     16.18
455      -12.54     -38.20
456      38.45     -90.22
457      51.33     0.14
458      59.39     17.55
459      48.41     9.13
460      38.54     16.15
461      58.53     5.38
462      55.58     37.25
463      37.26     -5.54
464      48.32     7.38
465      52.22     13.30
466      -33.56     151.10
467      29.33     52.36
468      47.48     13.00
469      40.31     17.24
470      41.19     69.24
471      28.29     -16.20
472      38.31     -28.43
473      43.11     0.00
474      28.29     -16.20
475      14.02     -87.14
476      52.29     13.24
477      35.41     51.19
478      41.20     19.47
479      32.40     13.09
480      43.37     1.23
481      32.01     34.53
482      22.49     5.27
483      0.23     6.43
484      35.43     -5.55
485      -18.48     47.29
486      33.56     8.06
487      -24.42     -53.42
488      25.04     121.33
489      37.55     12.29
490      51.23     -2.43
491      45.12     7.39
492      45.50     13.28
493      45.39     12.12
494      47.26     0.43
495      36.18     -95.52
496      36.51     10.14
497      52.34     13.18
498      35.33     139.46
499      35.54     -83.53
500      40.62     13.11
501      -0.08     -78.29
502      12.41     101.01
503      13.45     -60.57
504      44.55     4.58
505      43.14     27.49
506      45.30     12.21
507      -23.00     -47.08
508      48.07     16.33
509      39.29     -0.29
510      41.42     -4.51
511      45.24     10.53
512      38.57     -77.27
513      52.10     20.58
514      36.45     -6.04
515      53.19     -113.35
516      44.53     -63.31
517      45.41     -74.02
518      45.19     -75.40
519      46.48     -71.24
520      42.16     -82.58
521      48.57     -54.34
522      45.28     -73.44
523      49.11     -123.10
524      49.55     -97.14
525      51.07     -114.01
526      47.37     -52.45
527      43.41     -79.38
528      44.06     15.21
529      45.45     16.04
530      41.40     -1.03
531      -6.13     39.13
532      47.28     8.33
533      51.33     0.14
534      24.58     91.53


1     3     357     370     319     
2     3     467     431     477     
3     2     266     284     
4     6     382     450     255     360     426     424     
5     6     343     383     320     257     296     283     
6     4     423     312     475     426     
7     9     284     280     373     379     348     483     414     259     240     
8     10     281     471     474     401     402     295     484     349     514     275     
9     3     235     422     249     
10     9     422     310     232     419     249     306     341     440     252     
11     5     305     466     378     391     325     
12     3     402     295     484     
13     8     319     357     497     476     465     370     351     265     
14     6     463     484     514     263     402     294     
15     9     342     395     304     415     326     496     491     500     274     
16     5     263     484     514     463     402     
17     1     361     
18     10     466     305     307     246     391     325     416     378     288     321     
19     5     225     263     367     387     530     
20     5     387     367     509     263     486     
21     4     260     481     431     408     
22     6     360     495     426     301     315     222     
23     9     347     260     291     306     431     408     231     232     216     
24     5     331     269     371     272     407     
25     2     523     433     
26     1     230     
27     4     269     331     272     371     
28     4     503     447     392     432     
29     5     396     411     528     492     415     
30     1     481     
31     7     351     319     370     215     513     497     476     
32     8     422     235     232     249     306     291     419     310     
33     6     487     409     417     335     425     507     
34     6     306     232     249     481     260     347     
35     7     448     231     449     408     453     478     230     
36     1     499     
37     10     298     254     432     375     447     247     392     397     503     393     
38     9     440     303     467     419     252     477     245     431     422     
39     4     260     231     230     216     
40     6     467     252     419     440     303     477     
41     8     431     467     252     347     440     419     481     260     
42     10     223     512     381     380     267     356     234     385     224     527     
43     1     298     
44     5     487     507     425     228     410     
45     9     422     310     232     249     341     419     306     299     238     
46     8     387     480     323     225     261     473     509     399     
47     5     356     234     267     516     380     
48     1     267     
49     3     478     460     444     
50     4     449     478     453     454     
51     6     249     235     341     422     243     238     
52     5     316     479     460     404     434     
53     2     497     465     
54     7     413     353     490     494     384     271     279     
55     7     483     259     290     379     287     237     284     
56     5     481     347     260     408     291     
57     6     383     452     365     283     296     343     
58     3     360     495     426     
59     10     259     379     483     240     243     253     280     266     284     249     
60     2     392     397     
61     3     370     357     343     
62     5     519     239     522     516     517     
63     10     252     477     347     419     467     481     306     260     232     440     
64     10     313     336     511     304     491     532     395     318     400     493     
65     4     499     332     229     456     
66     8     296     257     490     283     285     271     279     270     
67     7     395     361     304     342     313     274     415     
68     6     525     515     226     255     524     382     
69     9     473     261     530     480     384     294     510     353     509     
70     8     349     441     414     281     474     471     373     348     
71     9     238     341     350     299     531     386     287     427     290     
72     10     389     406     251     442     534     218     288     293     250     236     
73     8     414     373     349     348     266     284     280     441     
74     8     319     461     370     497     265     476     264     465     
75     2     511     412     
76     7     317     245     250     534     406     420     303     
77     6     287     350     290     531     324     286     
78     1     303     
79     2     307     305     
80     4     399     261     473     384     
81     3     501     298     398     
82     7     490     233     271     279     270     285     457     
83     1     293     
84     6     458     351     319     461     215     357     
85     8     234     356     267     522     239     519     517     381     
86     5     357     331     265     269     264     
87     5     454     339     460     396     444     
88     10     318     532     491     344     336     464     274     313     304     459     
89     1     283     
90     7     269     418     331     272     407     371     289     
91     2     507     425     
92     2     464     532     
93     10     300     278     529     276     394     468     411     492     248     528     
94     1     508     
95     5     335     417     409     228     487     
96     3     527     385     518     
97     2     505     453     
98     10     258     376     368     272     371     407     328     494     436     457     
99     8     253     259     483     379     243     280     350     345     
100     1     496     
101     10     291     260     408     347     216     231     306     230     232     431     
102     4     244     488     217     439     
103     4     402     401     484     514     
104     4     350     290     287     253     
105     2     392     297     
106     4     533     457     436     271     
107     6     305     307     391     246     338     378     
108     7     298     392     503     397     447     432     421     
109     10     534     250     406     293     502     420     389     245     241     251     
110     6     257     296     285     283     279     271     
111     10     258     376     368     272     407     371     328     494     436     457     
112     9     326     491     304     344     504     336     292     323     313     
113     9     384     494     353     399     261     473     480     413     376     
114     4     469     449     448     460     
115     10     289     331     337     269     464     459     418     318     407     532     
116     6     229     456     520     329     499     315     
117     2     500     396     
118     4     414     349     441     373     
119     7     385     527     224     229     223     512     364     
120     3     501     398     393     
121     9     342     304     361     395     491     313     274     336     326     
122     9     466     307     305     391     246     325     378     338     416     
123     2     293     317     
124     10     520     385     229     499     364     527     224     223     512     456     
125     9     402     401     484     514     295     463     275     263     367     
126     2     318     532     
127     4     372     358     230     453     
128     4     384     494     353     399     
129     5     266     284     379     373     348     
130     4     319     357     497     476     
131     10     333     286     324     290     427     287     350     253     485     243     
132     3     460     316     388     
133     8     298     393     398     247     375     254     446     445     
134     3     466     307     305     
135     2     469     404     
136     8     254     298     432     447     375     392     503     397     
137     7     229     520     499     364     385     456     527     
138     2     229     520     
139     8     283     296     233     271     279     257     285     270     
140     4     366     311     340     499     
141     1     250     
142     7     235     232     249     306     419     310     291     
143     1     360     
144     3     347     481     260     
145     6     386     299     238     341     243     310     
146     7     478     454     469     449     528     529     396     
147     1     237     
148     8     512     380     381     385     267     356     234     224     
149     3     250     241     245     
150     1     450     
151     10     222     360     426     495     332     315     301     456     362     229     
152     6     467     252     419     440     303     431     
153     5     292     344     337     318     407     
154     4     486     277     479     496     
155     3     349     441     414     
156     6     259     483     280     240     284     266     
157     7     291     232     306     481     422     235     260     
158     1     440     
159     9     270     413     494     271     279     457     533     436     233     
160     9     325     288     442     251     389     378     321     502     218     
161     2     264     476     
162     6     391     288     378     236     246     321     
163     8     520     385     229     527     364     224     499     512     
164     6     520     385     229     527     364     224     
165     8     452     365     383     283     296     490     257     320     
166     10     331     269     289     337     418     464     407     272     318     459     
167     3     303     467     252     
168     4     341     238     299     386     
169     8     504     344     323     326     491     342     480     376     
170     3     343     320     283     
171     8     269     418     289     272     337     407     371     464     
172     10     382     426     360     255     450     424     222     495     256     268     
173     4     257     296     285     283     
174     7     289     464     318     407     269     331     532     
175     4     230     260     347     231     
176     9     250     470     241     534     245     293     406     303     440     
177     2     356     234     
178     1     490     
179     7     335     417     409     228     487     429     507     
180     9     523     433     515     525     438     443     268     256     255     
181     8     463     275     484     402     363     294     510     263     
182     7     287     290     427     243     238     531     386     
183     6     357     319     461     351     458     497     
184     2     500     396     
185     3     397     392     447     
186     10     252     477     467     419     347     306     481     260     440     232     
187     6     253     259     483     379     243     350     
188     7     395     412     511     506     493     400     415     
189     2     414     349     
190     6     339     396     469     454     500     528     
191     5     459     464     289     337     532     
192     2     506     493     
193     4     290     237     427     287     
194     9     281     471     474     401     402     295     349     484     514     
195     6     320     296     283     343     285     271     
196     1     287     
197     10     248     351     319     458     465     476     497     394     508     264     
198     3     357     319     351     
199     2     482     219     
200     4     507     425     487     455     
201     4     283     343     296     320     
202     6     504     344     326     491     323     342     
203     3     235     310     422     
204     10     336     313     274     491     342     395     511     344     532     318     
205     1     351     
206     5     323     480     387     473     261     
207     9     263     463     514     484     294     367     509     402     510     
208     6     276     508     278     529     411     468     
209     8     279     271     457     533     285     436     328     355     
210     4     475     309     312     445     
211     4     292     491     318     504     
212     1     273     
213     4     265     264     357     354     
214     1     357     

33
0.10

220
221
227
242
262
282
302
308
314
322
327
330
334
346
352
359
369
374
377
390
403
405
428
430
435
437
451
462
472
489
498
521
526
