1
724
290
433
216


0      605.61     796.60

1      681.80     1025.20
2      605.61     1152.21
3      605.61     1253.81
4      656.41     1736.41
5      808.81     2041.19
6      726.25     1825.29
7      758.01     1863.40
8      783.40     1736.41
9      808.81     1736.41
10      758.01     1101.41
11      758.01     796.60
12      758.01     821.99
13      872.30     733.11
14      885.00     2066.60
15      872.30     1787.21
16      935.80     1965.00
17      910.39     707.70
18      935.80     1812.60
19      935.80     1761.80
20      935.80     1177.60
21      986.60     1380.80
22      1011.99     898.20
23      986.60     1203.01
24      986.60     1152.21
25      986.60     821.99
26      1011.99     796.60
27      986.60     923.59
28      1062.79     1126.80
29      1113.59     1431.60
30      1139.00     1482.40
31      1189.80     949.00
32      1189.80     1253.81
33      1240.61     1507.79
34      1291.41     1355.39
35      1266.00     1253.81
36      1189.80     1101.41
37      1189.80     1380.80
38      1113.59     1152.21
39      1113.59     821.99
40      1189.80     707.70
41      1151.70     733.11
42      1113.59     923.59
43      1113.59     1101.41
44      1113.59     1228.40
45      1113.59     949.00
46      1113.59     1406.19
47      1139.00     860.10
48      1189.80     733.11
49      1240.61     1711.00
50      1266.00     1736.41
51      1291.41     1863.40
52      1278.69     2047.56
53      1285.06     2053.91
54      1291.41     2041.19
55      1329.49     1958.65
56      1291.41     1965.00
57      1323.14     1952.30
58      1316.80     1787.21
59      1342.21     1863.40
60      1329.49     1945.96
61      1335.86     1952.30
62      1164.39     2244.39
63      1164.39     2091.99
64      1189.80     1584.00
65      1215.20     1711.00
66      1164.39     1634.80
67      1164.39     1787.21
68      1189.80     1863.40
69      1189.80     2244.39
70      1266.00     2168.20
71      1278.69     2060.25
72      1272.34     2053.91
73      1240.61     2041.19
74      1227.89     1958.65
75      1234.26     1952.30
76      1240.61     1965.00
77      1291.41     1609.39
78      1291.41     1076.00
79      1266.00     707.70
80      1189.80     847.40
81      1139.00     1533.20
82      1113.59     2028.50
83      1088.20     2244.39
84      1088.20     2079.30
85      999.30     2180.90
86      1011.99     1736.41
87      1062.79     1685.61
88      1037.40     1634.80
89      1113.59     1863.40
90      1062.79     771.19
91      1062.79     821.99
92      1024.71     1279.20
93      986.60     1507.79
94      1037.40     872.79
95      1037.40     1482.40
96      1011.99     1609.39
97      961.19     1711.00
98      999.30     733.11
99      1011.99     1901.50
100      1037.40     1914.20
101      1062.79     1736.41
102      1062.79     1609.39
103      1240.61     2244.39
104      1342.21     1939.61
105      1291.41     2168.20
106      1316.80     1584.00
107      1266.00     1685.61
108      1215.20     1787.21
109      1189.80     1965.00
110      1215.20     2041.19
111      1240.61     1863.40
112      1227.89     1945.96
113      1221.54     1952.30
114      1189.80     2091.99
115      1215.20     2168.20
116      1367.60     1634.80
117      1494.61     2244.39
118      1520.00     2028.50
119      1570.80     1812.60
120      1596.19     1812.60
121      1570.80     2244.39
122      1672.40     1939.61
123      1710.51     1996.76
124      1716.86     2003.11
125      1748.59     2015.80
126      1850.20     2142.79
127      1875.61     2244.39
128      1951.80     2091.99
129      1913.69     2079.30
130      1977.21     2244.39
131      1799.39     2168.20
132      1850.20     2219.00
133      1824.80     1634.80
134      1774.00     1736.41
135      1723.20     1761.80
136      1799.39     1507.79
137      1799.39     1456.99
138      1799.39     1228.40
139      1761.31     1228.40
140      1748.59     1431.60
141      1862.89     949.00
142      1786.70     707.70
143      1901.00     898.20
144      1926.41     872.79
145      1774.00     1939.61
146      1774.00     1812.60
147      1748.59     1634.80
148      1748.59     1888.81
149      1672.40     1761.80
150      1672.40     1812.60
151      1723.20     1406.19
152      1723.20     1330.00
153      1723.20     999.80
154      1710.51     733.11
155      1697.79     821.99
156      1723.20     1152.21
157      1672.40     1076.00
158      1646.99     1304.61
159      1723.20     1076.00
160      1748.59     898.20
161      1723.20     1203.01
162      1799.39     796.60
163      1748.59     733.11
164      1799.39     999.80
165      1824.80     987.11
166      1723.20     1990.39
167      1697.79     1939.61
168      1704.14     2003.11
169      1710.51     2009.45
170      1646.99     2244.39
171      1774.00     1965.00
172      1926.41     923.59
173      1913.69     707.70
174      2002.60     923.59
175      1951.80     707.70
176      1926.41     796.60
177      1989.90     707.70
178      1977.21     796.60
179      2028.01     796.60
180      2066.09     733.11
181      2104.20     796.60
182      2028.01     707.70
183      2002.60     872.79
184      2155.00     1253.81
185      2161.35     1266.50
186      2167.70     1272.85
187      2205.80     1558.59
188      2281.99     1761.80
189      2332.79     1558.59
190      2358.20     1126.80
191      2447.11     1584.00
192      2383.59     2142.79
193      2358.20     2066.60
194      2383.59     2015.80
195      2434.39     1406.19
196      2409.00     2015.80
197      2434.39     2053.91
198      2434.39     1355.39
199      2459.80     796.60
200      2459.80     1330.00
201      2421.70     974.39
202      2409.00     872.79
203      2459.80     974.39
204      2485.20     1279.20
205      2536.00     796.60
206      2523.30     1355.39
207      2523.30     1584.00
208      2561.41     1939.61
209      2561.41     2244.39
210      2510.61     2142.79
211      2713.81     2244.39
212      2713.81     2142.79
213      2701.09     2079.30
214      2688.40     1126.80
215      2663.01     1761.80
216      2663.01     1050.61
217      2637.60     1101.41
218      2612.21     1152.21
219      2637.60     1355.39
220      2561.41     1558.59
221      2586.80     1939.61
222      2612.21     1812.60
223      2586.80     1761.80
224      2561.41     1812.60
225      2561.41     1761.80
226      2612.21     999.80
227      2701.09     1291.89
228      2764.61     1126.80
229      2790.00     1152.21
230      2840.80     1126.80
231      2790.00     821.99
232      2739.20     821.99
233      2713.81     872.79
234      2612.21     796.60
235      2434.39     1304.61
236      2497.89     834.71
237      2536.00     872.79
238      2561.41     821.99
239      2612.21     834.71
240      2574.10     949.00
241      2561.41     796.60
242      2561.41     999.80
243      2586.80     1101.41
244      2510.61     1177.60
245      2536.00     1203.01
246      2472.50     1558.59
247      2561.41     2066.60
248      2637.60     2219.00
249      2586.80     2104.71
250      2561.41     2104.71
251      2637.60     2244.39
252      2637.60     2142.79
253      2536.00     1456.99
254      2497.89     1101.41
255      2447.11     1558.59
256      2383.59     1469.71
257      2281.99     1812.60
258      2231.19     2041.19
259      2434.39     2219.00
260      2440.74     2231.70
261      2459.80     2244.39
262      2453.46     2231.70
263      2447.11     2225.35
264      2358.20     1812.60
265      2383.59     1939.61
266      2307.40     2142.79
267      2256.60     2142.79
268      2332.79     1939.61
269      2370.90     1101.41
270      2231.19     2142.79
271      2167.70     2079.30
272      2129.61     2244.39
273      2129.61     2041.19
274      2180.39     2219.00
275      2078.81     2142.79
276      2078.81     2244.39
277      2078.81     2066.60
278      2028.01     2244.39
279      2053.40     2117.40
280      2028.01     2142.79
281      2053.40     2219.00
282      2002.60     2066.60
283      1977.21     2066.60
284      3018.59     2193.59
285      3044.00     2142.79
286      3044.00     2219.00
287      2967.79     2168.20
288      2980.51     2104.71
289      3069.39     2219.00
290      3069.39     2142.79


291      3132.91     2117.40
292      3209.10     1952.30
293      3196.41     2066.60
294      3120.20     2015.80
295      3171.00     1812.60
296      3107.50     1584.00
297      3094.80     1965.00
298      3069.39     2015.80
299      2993.20     1939.61
300      2993.20     2015.80
301      2967.79     2066.60
302      2993.20     898.20
303      3018.59     1050.61
304      3044.00     872.79
305      3069.39     949.00
306      3069.39     796.60
307      3069.39     898.20
308      3120.20     796.60
309      3171.00     923.59
310      3120.20     1050.61
311      3171.00     999.80
312      3145.61     1050.61
313      3120.20     1126.80
314      3145.61     872.79
315      3094.80     1304.61
316      2993.20     949.00
317      2967.79     796.60
318      2993.20     796.60
319      2840.80     872.79
320      2815.41     796.60
321      2802.70     1215.70
322      2828.11     1330.00
323      2790.00     1380.80
324      2802.70     1330.00
325      2891.60     1101.41
326      2866.19     1050.61
327      2853.50     974.39
328      2866.19     1253.81
329      2739.20     796.60
330      2764.61     1279.20
331      2840.80     1279.20
332      2916.99     1253.81
333      2904.30     1025.20
334      2916.99     1406.19
335      2891.60     1342.70
336      2866.19     1342.70
337      2815.41     1431.60
338      2853.50     1456.99
339      2840.80     1761.80
340      2790.00     1634.80
341      2840.80     1685.61
342      2726.50     1939.61
343      2790.00     1939.61
344      2790.00     2015.80
345      2739.20     1825.29
346      2764.61     1507.79
347      2790.00     1431.60
348      2790.00     1584.00
349      2764.61     1761.80
350      2815.41     1761.80
351      2739.20     1571.31
352      2840.80     2117.40
353      2866.19     2142.79
354      2967.79     1126.80
355      3018.59     1126.80
356      3044.00     1050.61
357      3069.39     1304.61
358      3005.90     1228.40
359      3044.00     1380.80
360      3120.20     1177.60
361      3145.61     1253.81
362      3171.00     1177.60
363      3120.20     1380.80
364      3298.01     2168.20
365      3488.50     1157.40
366      3505.18     1167.40
367      3508.50     1194.06
368      3488.50     1260.74
369      3505.18     1240.74
370      3498.50     1220.74
371      3508.50     1197.40
372      3498.50     1170.74
373      3495.18     1160.74
374      3488.50     1127.40
375      3498.50     1120.74
376      3488.50     1097.40
377      3488.50     1094.06
378      3508.50     1077.40
379      3498.50     1057.40
380      3498.50     1050.74
381      3508.50     1037.40
382      3488.50     1020.74
383      3508.50     1000.74
384      3425.00     999.80
385      3488.50     907.40
386      3488.50     927.40
387      3495.18     940.74
388      3495.18     920.74
389      3508.50     900.74
390      3498.50     894.06
391      3508.50     880.74
392      3488.50     860.74
393      3450.41     872.79
394      3348.81     771.19
395      3323.40     707.70
396      3272.60     847.40
397      3221.80     999.80
398      3323.40     974.39
399      3374.20     898.20
400      3298.01     847.40
401      3196.41     796.60
402      3196.41     1266.50
403      3221.80     2168.20
404      3272.60     1101.41
405      3272.60     1025.20
406      3298.01     923.59
407      3272.60     2041.19
408      3298.01     1990.39
409      3348.81     2066.60
410      3399.61     1812.60
411      3361.50     1787.21
412      3336.09     1914.20
413      3361.50     1990.39
414      3399.61     2066.60
415      3272.60     1761.80
416      3234.49     1799.90
417      3272.60     1507.79
418      3298.01     1558.59
419      3247.21     1634.80
420      3405.96     2211.31
421      3410.96     2216.31
422      3405.96     2231.31
423      3395.96     2231.31
424      3495.18     2167.56
425      3498.50     2157.56
426      3498.50     2150.90
427      3498.50     2140.90
428      3488.50     2120.90
429      3505.18     2100.90
430      3498.50     2080.90
431      3488.50     2057.56
432      3488.50     2054.24
433      3498.50     2037.56
434      3488.50     2040.90
435      3498.50     2020.90
436      3495.18     2000.90
437      3508.50     1997.56
438      3498.50     1977.56
439      3498.50     1970.90
440      3495.18     1960.90
441      3508.50     1957.56
442      3488.50     1927.56
443      3498.50     1920.90
444      3488.50     1897.56
445      3488.50     1894.24
446      3508.50     1877.56
447      3498.50     1857.56
448      3498.50     1850.90
449      3508.50     1837.56
450      3488.50     1820.90
451      3508.50     1800.90
452      3437.70     1850.70
453      3348.81     1406.19
454      3348.81     1507.79
455      3348.81     1456.99
456      3323.40     1761.80
457      3323.40     1863.40
458      3323.40     1634.80
459      3374.20     1685.61
460      3399.61     1914.20
461      3412.30     1977.70
462      3399.61     1685.61
463      3399.61     1558.59
464      3425.00     1584.00
465      3323.40     1558.59
466      3298.01     1507.79
467      3221.80     1380.80
468      3272.60     1406.19
469      3323.40     1380.80
470      3348.81     1177.60
471      3348.81     1253.81
472      3272.60     1177.60
473      3247.21     1228.40
474      3171.00     1253.81
475      3145.61     1456.99
476      3171.00     1533.20
477      3044.00     1761.80
478      3005.90     1736.41
479      3018.59     1558.59
480      2993.20     1787.21
481      2942.40     1761.80
482      2993.20     1304.61
483      3044.00     2066.60
484      3044.00     2015.80
485      3120.20     1685.61
486      3120.20     1761.80
487      3069.39     1507.79
488      3069.39     1380.80
489      3018.59     1634.80
490      2967.79     1533.20
491      2891.60     1507.79
492      2916.99     1863.40
493      2891.60     1888.81
494      2891.60     1685.61
495      2866.19     1787.21
496      2840.80     1507.79
497      2815.41     2015.80
498      2840.80     1787.21
499      2891.60     1977.70
500      2916.99     2041.19
501      2891.60     2142.79
502      2866.19     2168.20
503      2891.60     2066.60
504      2916.99     2219.00
505      2815.41     2244.39
506      2815.41     2066.60
507      2790.00     2142.79
508      2739.20     2168.20
509      2764.61     2066.60
510      2663.01     2244.39
511      2612.21     2066.60
512      2637.60     1406.19
513      2637.60     1584.00
514      2536.00     2015.80
515      2536.00     1812.60
516      2510.61     1838.01
517      2485.20     1787.21
518      2510.61     1685.61
519      2485.20     1838.01
520      2485.20     1939.61
521      2510.61     2219.00
522      2383.59     1888.81
523      2332.79     1888.81
524      2447.11     2238.05
525      2485.20     2015.80
526      2459.80     2066.60
527      2358.20     1279.20
528      2294.71     1355.39
529      2281.99     872.79
530      2307.40     1253.81
531      2320.10     1171.25
532      2326.45     1164.90
533      2320.10     872.79
534      2320.10     1158.55
535      2313.75     1164.90
536      2294.71     1228.40
537      2307.40     1050.61
538      2332.79     1177.60
539      2332.79     1304.61
540      2358.20     1330.00
541      2358.20     1634.80
542      2307.40     1634.80
543      2205.80     1761.80
544      2281.99     1558.59
545      2231.19     1228.40
546      2243.91     1279.20
547      2281.99     1634.80
548      2231.19     1177.60
549      2129.61     1507.79
550      2155.00     1304.61
551      2155.00     1177.60
552      2167.70     1260.16
553      2174.04     1266.50
554      2129.61     1685.61
555      2155.00     1634.80
556      2078.81     1609.39
557      2066.09     1152.21
558      2028.01     1253.81
559      2167.70     885.51
560      2193.11     1152.21
561      2180.39     1050.61
562      2205.80     1126.80
563      2205.80     1253.81
564      2231.19     923.59
565      2155.00     1406.19
566      2053.40     1838.01
567      2078.81     1761.80
568      2053.40     1507.79
569      2002.60     1355.39
570      2053.40     1431.60
571      2053.40     1685.61
572      2129.61     1380.80
573      2129.61     1456.99
574      2078.81     1279.20
575      2028.01     1736.41
576      2002.60     1838.01
577      1977.21     1838.01
578      1977.21     1787.21
579      1951.80     1812.60
580      2002.60     1685.61
581      1977.21     1431.60
582      1901.00     1406.19
583      1926.41     1812.60
584      2002.60     1939.61
585      1977.21     1533.20
586      2002.60     1507.79
587      1926.41     1304.61
588      1939.10     1609.39
589      1901.00     1253.81
590      2002.60     1050.61
591      2002.60     1253.81
592      2028.01     999.80
593      1951.80     1253.81
594      2002.60     1177.60
595      2104.20     999.80
596      2028.01     1152.21
597      2002.60     999.80
598      1913.69     1152.21
599      1977.21     999.80
600      1850.20     1177.60
601      1850.20     1812.60
602      1875.61     2015.80
603      1862.89     1888.81
604      1850.20     1076.00
605      1850.20     1304.61
606      1850.20     1406.19
607      1799.39     1330.00
608      1723.20     1101.41
609      1672.40     872.79
610      1634.30     733.11
611      1570.80     796.60
612      1583.50     733.11
613      1596.19     847.40
614      1596.19     1126.80
615      1596.19     1177.60
616      1596.19     923.59
617      1570.80     1076.00
618      1596.19     1355.39
619      1672.40     847.40
620      1621.60     1431.60
621      1570.80     999.80
622      1596.19     949.00
623      1570.80     1253.81
624      1532.70     1228.40
625      1443.81     1456.99
626      1494.61     1203.01
627      1545.39     847.40
628      1520.00     1431.60
629      1596.19     898.20
630      1672.40     707.70
631      1672.40     821.99
632      1570.80     1203.01
633      1570.80     1482.40
634      1596.19     1482.40
635      1672.40     1203.01
636      1596.19     1406.19
637      1646.99     1380.80
638      1545.39     1787.21
639      1520.00     1761.80
640      1545.39     1812.60
641      1494.61     1558.59
642      1545.39     1685.61
643      1545.39     1558.59
644      1469.20     1634.80
645      1469.20     1558.59
646      1443.81     1761.80
647      1494.61     1812.60
648      1520.00     2142.79
649      1545.39     2244.39
650      1494.61     1888.81
651      1443.81     1685.61
652      1443.81     1888.81
653      1469.20     974.39
654      1545.39     733.11
655      1494.61     847.40
656      1494.61     1126.80
657      1494.61     1177.60
658      1532.70     872.79
659      1545.39     1304.61
660      1494.61     1076.00
661      1494.61     949.00
662      1494.61     1304.61
663      1443.81     1330.00
664      1443.81     1050.61
665      1367.60     1304.61
666      1393.01     1431.60
667      1393.01     898.20
668      1367.60     1152.21
669      1342.21     999.80
670      1316.80     733.11
671      1291.41     1126.80
672      1443.81     796.60
673      1507.30     733.11
674      1443.81     847.40
675      1367.60     1482.40
676      1367.60     1203.01
677      1418.40     860.10
678      1367.60     1330.00
679      1367.60     923.59
680      1367.60     1101.41
681      1367.60     821.99
682      1469.20     707.70
683      1240.61     974.39
684      1189.80     821.99
685      1151.70     1279.20
686      1062.79     1507.79
687      1062.79     1279.20
688      1088.20     1317.30
689      1062.79     923.59
690      986.60     1456.99
691      961.19     1406.19
692      859.61     1279.20
693      859.61     1025.20
694      935.80     1584.00
695      897.70     1418.91
696      859.61     1152.21
697      808.81     1330.00
698      859.61     1533.20
699      834.20     1939.61
700      808.81     1863.40
701      758.01     1660.20
702      758.01     1279.20
703      758.01     1177.60
704      681.80     1787.21
705      681.80     1838.01
706      707.21     1939.61
707      732.60     1939.61
708      783.40     1888.81
709      758.01     1787.21
710      732.60     1584.00
711      681.80     1355.39
712      681.80     1279.20
713      656.41     1838.01
714      681.80     999.80
715      713.55     1825.29
716      719.90     1831.64
717      681.80     2041.19
718      758.01     1939.61
719      808.81     1965.00
720      808.81     1152.21
721      808.81     999.80
722      808.81     949.00
723      681.80     923.59


1     4     723     721     722     703     
2     8     712     703     714     702     720     711     723     696     
3     2     711     702     
4     9     713     705     715     709     716     701     710     700     708     
5     10     699     718     707     717     706     708     700     716     715     705     
6     6     715     705     709     704     713     708     
7     7     716     700     715     709     718     705     707     
8     6     709     701     715     704     716     700     
9     7     709     701     700     716     715     704     708     
10     3     703     696     721     
11     3     723     722     721     
12     9     723     722     721     714     693     689     720     696     703     
13     9     722     689     723     721     693     714     684     696     720     
14     2     719     699     
15     10     700     709     708     699     716     715     701     719     718     704     
16     9     699     719     700     708     718     707     706     709     716     
17     4     722     689     684     721     
18     7     700     699     708     709     719     716     718     
19     10     700     694     709     708     701     699     716     715     719     698     
20     1     696     
21     2     690     695     
22     1     689     
23     1     687     
24     8     696     687     720     692     693     688     685     703     
25     2     689     684     
26     2     689     684     
27     2     689     693     
28     9     687     685     688     689     696     693     671     683     692     
29     10     686     688     690     691     685     687     695     694     675     698     
30     4     686     690     688     691     
31     9     684     689     669     679     671     667     681     680     677     
32     10     688     687     671     665     676     678     668     680     663     666     
33     1     675     
34     9     665     666     675     663     685     676     625     688     662     
35     2     665     676     
36     8     671     683     680     685     669     668     676     687     
37     6     685     688     687     686     678     665     
38     1     685     
39     5     684     689     683     670     681     
40     7     684     670     681     689     672     683     677     
41     8     684     670     689     681     683     679     667     677     
42     5     689     684     683     669     679     
43     6     671     683     685     687     689     688     
44     6     687     688     671     691     676     692     
45     2     689     683     
46     9     688     686     685     687     690     691     695     694     678     
47     6     684     689     683     670     681     679     
48     6     684     670     681     689     683     679     
49     5     651     646     644     675     652     
50     5     646     651     644     652     647     
51     1     652     
52     6     652     648     650     647     646     649     
53     10     652     648     650     647     649     646     640     638     639     651     
54     2     652     648     
55     10     652     650     647     646     640     648     639     638     651     642     
56     9     652     650     647     646     648     640     639     638     651     
57     7     652     650     647     646     640     648     639     
58     2     646     651     
59     2     652     646     
60     9     652     650     647     646     640     639     638     648     651     
61     4     652     650     647     646     
62     10     648     649     699     719     652     650     718     708     700     717     
63     8     652     648     699     719     650     649     700     708     
64     9     686     675     690     694     666     651     645     644     625     
65     7     651     646     686     644     675     652     645     
66     5     686     694     690     675     651     
67     6     646     686     651     652     694     647     
68     6     652     646     650     647     651     639     
69     10     648     649     652     699     650     719     718     647     700     708     
70     1     648     
71     7     652     648     650     649     647     646     640     
72     10     652     648     650     647     649     646     640     638     639     651     
73     9     652     650     648     647     646     649     640     639     638     
74     4     652     650     646     647     
75     10     652     650     646     647     651     640     648     639     638     644     
76     2     652     650     
77     10     675     651     644     645     666     641     625     646     686     643     
78     8     680     669     668     683     676     664     679     660     
79     5     684     681     672     682     677     
80     5     683     689     670     681     679     
81     6     686     690     694     691     688     675     
82     3     699     719     700     
83     8     719     699     648     718     717     649     708     707     
84     4     699     719     700     718     
85     3     719     699     718     
86     3     694     686     700     
87     7     694     686     690     698     691     701     700     
88     3     694     686     690     
89     6     699     700     719     708     694     652     
90     10     684     689     670     683     681     722     693     679     721     667     
91     2     689     684     
92     2     688     685     
93     2     686     694     
94     5     689     684     683     693     722     
95     4     690     691     694     695     
96     1     694     
97     3     694     698     701     
98     4     689     684     722     670     
99     1     699     
100     10     699     700     719     708     718     707     709     716     706     715     
101     8     694     686     700     698     690     699     709     701     
102     2     686     694     
103     9     648     649     652     650     647     699     719     646     640     
104     1     652     
105     4     648     649     652     650     
106     6     675     645     644     651     666     641     
107     8     651     646     644     675     645     647     641     639     
108     3     646     651     652     
109     3     652     650     646     
110     9     652     650     648     646     647     649     699     640     719     
111     2     652     646     
112     9     652     650     646     647     651     640     639     648     638     
113     9     652     650     646     647     651     640     648     639     638     
114     4     652     648     650     649     
115     4     648     649     652     650     
116     2     651     644     
117     8     648     650     652     647     640     602     638     639     
118     7     650     652     649     647     640     638     639     
119     9     640     638     639     647     650     642     646     652     651     
120     9     640     638     639     647     650     642     646     652     651     
121     9     648     650     652     602     640     647     638     603     639     
122     7     640     650     603     638     602     647     601     
123     8     602     603     601     648     650     640     638     647     
124     4     602     603     601     648     
125     8     602     603     601     648     584     583     650     640     
126     4     602     584     603     649     
127     3     602     584     649     
128     6     602     584     603     577     576     566     
129     7     602     584     603     577     576     583     579     
130     9     602     584     603     577     576     566     649     579     583     
131     6     602     649     648     603     584     601     
132     10     602     649     584     603     648     577     601     576     583     579     
133     4     588     601     585     580     
134     9     601     583     603     579     588     578     577     580     638     
135     1     601     
136     5     606     582     588     607     585     
137     1     606     
138     5     600     605     607     589     635     
139     1     635     
140     8     606     637     607     620     636     582     634     605     
141     3     599     604     597     
142     5     630     610     631     619     609     
143     5     599     597     592     590     604     
144     8     599     597     592     590     604     595     559     609     
145     9     603     602     601     583     579     577     584     576     578     
146     6     601     603     583     579     578     577     
147     5     588     601     642     634     643     
148     3     603     601     602     
149     7     638     640     642     639     647     601     650     
150     2     640     638     
151     8     637     620     607     606     636     618     634     605     
152     7     607     637     605     618     635     620     606     
153     4     608     609     622     604     
154     4     630     610     631     619     
155     9     619     609     613     610     630     629     611     616     612     
156     4     635     600     615     614     
157     3     608     614     617     
158     1     637     
159     9     604     635     614     617     600     615     621     622     632     
160     5     619     631     629     616     622     
161     2     635     608     
162     10     631     619     609     630     610     613     612     629     611     616     
163     6     630     610     631     619     609     612     
164     5     604     608     599     609     600     
165     7     604     608     599     597     598     590     609     
166     6     602     603     601     650     640     648     
167     7     603     602     640     601     650     638     647     
168     3     602     603     648     
169     4     602     603     648     601     
170     6     649     648     602     650     652     603     
171     8     602     603     601     583     584     579     577     576     
172     8     599     597     592     590     604     595     598     559     
173     6     630     631     619     610     609     599     
174     6     597     599     592     595     590     559     
175     5     630     559     599     597     631     
176     1     599     
177     4     559     599     597     592     
178     1     599     
179     4     559     592     597     599     
180     7     559     564     529     592     595     597     599     
181     5     559     564     529     595     592     
182     8     559     592     597     564     599     595     529     533     
183     9     597     599     592     595     559     590     564     561     604     
184     10     552     553     550     563     551     574     545     546     548     560     
185     5     553     550     563     545     574     
186     3     552     550     563     
187     5     549     555     547     573     542     
188     5     543     547     542     523     541     
189     7     542     541     547     555     528     549     518     
190     2     534     532     
191     1     541     
192     5     526     524     521     525     514     
193     6     526     525     522     523     520     514     
194     3     526     525     522     
195     1     540     
196     10     526     525     520     514     522     523     519     516     511     524     
197     7     525     514     520     522     511     521     524     
198     1     540     
199     1     533     
200     5     540     527     539     528     530     
201     9     537     533     529     564     534     532     535     531     538     
202     7     529     564     537     559     561     534     532     
203     2     537     533     
204     3     527     540     539     
205     7     329     533     529     320     319     564     537     
206     7     512     540     527     539     528     530     330     
207     4     518     513     541     517     
208     10     520     514     525     516     519     515     511     526     342     517     
209     1     510     
210     5     521     526     524     511     514     
211     2     508     505     
212     3     507     509     510     
213     6     509     511     508     507     344     506     
214     5     321     330     326     325     331     
215     2     345     349     
216     6     326     327     321     325     333     330     
217     3     321     330     326     
218     4     330     321     512     324     
219     5     330     323     324     347     322     
220     3     513     518     512     
221     1     514     
222     2     515     516     
223     8     515     517     518     516     519     345     349     513     
224     9     516     517     519     518     520     345     522     514     342     
225     2     515     517     
226     5     329     327     326     319     320     
227     2     324     323     
228     1     321     
229     1     321     
230     9     326     321     333     354     328     332     331     327     330     
231     8     329     319     327     317     318     302     333     316     
232     10     320     319     327     317     318     326     333     302     316     304     
233     2     329     319     
234     1     329     
235     7     540     527     539     530     528     536     538     
236     6     533     529     329     564     537     320     
237     2     533     329     
238     2     329     533     
239     9     329     320     319     327     533     529     326     333     317     
240     6     329     533     319     327     537     320     
241     6     329     533     320     319     529     327     
242     8     537     329     533     532     534     538     327     531     
243     9     321     330     538     532     534     531     535     326     537     
244     6     538     527     532     531     534     535     
245     7     527     538     532     531     540     534     535     
246     4     518     541     513     542     
247     10     511     514     525     526     520     521     509     510     508     524     
248     6     510     508     521     511     507     505     
249     2     511     514     
250     6     511     514     526     525     521     510     
251     8     510     508     521     505     511     507     524     509     
252     5     511     508     510     521     509     
253     7     512     513     540     518     351     346     527     
254     7     538     532     534     531     535     537     527     
255     2     541     518     
256     2     544     540     
257     8     543     523     522     547     542     541     554     517     
258     3     523     522     526     
259     3     524     521     526     
260     2     524     521     
261     3     521     526     510     
262     6     524     521     526     510     525     511     
263     2     524     521     
264     2     522     523     
265     8     523     520     525     519     526     516     514     517     
266     8     524     526     521     525     523     514     522     520     
267     6     524     526     525     523     521     522     
268     1     522     
269     2     534     532     
270     1     524     
271     8     584     523     566     522     576     526     602     577     
272     2     524     584     
273     5     584     566     576     523     577     
274     3     524     526     521     
275     2     584     602     
276     8     602     584     524     566     576     603     577     526     
277     6     584     602     566     576     577     603     
278     4     602     584     603     566     
279     2     584     602     
280     9     602     584     603     566     576     577     579     583     578     
281     9     602     584     566     603     576     577     524     579     583     
282     7     584     602     603     576     577     566     579     
283     9     602     584     603     577     576     566     579     583     578     
284     2     504     483     
285     2     483     291     
286     1     504     
287     9     504     501     301     502     353     503     483     352     500     
288     10     483     300     500     501     503     484     353     298     504     502     
289     3     291     504     483     
290     9     291     483     298     301     484     294     300     293     403     

206
0.48

292
295
296
297
299
303
305
306
307
308
309
310
311
312
313
314
315
334
335
336
337
338
339
340
341
343
348
350
355
356
357
358
359
360
361
362
363
364
365
366
367
368
369
370
371
372
373
374
375
376
377
378
379
380
381
382
383
384
385
386
387
388
389
390
391
392
393
394
395
396
397
398
399
400
401
402
404
405
406
407
408
409
410
411
412
413
414
415
416
417
418
419
420
421
422
423
424
425
426
427
428
429
430
431
432
433
434
435
436
437
438
439
440
441
442
443
444
445
446
447
448
449
450
451
452
453
454
455
456
457
458
459
460
461
462
463
464
465
466
467
468
469
470
471
472
473
474
475
476
477
478
479
480
481
482
485
486
487
488
489
490
491
492
493
494
495
496
497
498
499
556
557
558
562
565
567
568
569
570
571
572
575
581
586
587
591
593
594
596
623
624
626
627
628
633
653
654
655
656
657
658
659
661
673
674
697
