1
1000
300
699
349


0      981036.00     508139.00

1      534120.00     -42453.00
2      577878.00     -43732.00
3      532890.00     -96645.00
4      205322.00     215891.00
5      225923.00     197950.00
6      69842.00     667632.00
7      391965.00     1054524.00
8      310065.00     -10714.00
9      247401.00     754523.00
10      217951.00     218350.00
11      443097.00     54051.00
12      47342.00     630935.00
13      317515.00     713679.00
14      301816.00     1021772.00
15      950864.00     332234.00
16      276433.00     725657.00
17      921801.00     410349.00
18      555508.00     67090.00
19      409959.00     379409.00
20      968097.00     540588.00
21      40089.00     721860.00
22      702011.00     527050.00
23      726191.00     326684.00
24      990428.00     196959.00
25      381890.00     1003805.00
26      409527.00     1056227.00
27      675609.00     496310.00
28      971071.00     188552.00
29      932494.00     818793.00
30      936083.00     384774.00
31      835076.00     517826.00
32      120444.00     663239.00
33      648516.00     395774.00
34      402323.00     126508.00
35      307839.00     57178.00
36      397333.00     987582.00
37      314281.00     949219.00
38      105042.00     667806.00
39      1006036.00     468020.00
40      473356.00     311656.00
41      970499.00     257334.00
42      919732.00     458332.00
43      1033956.00     436231.00
44      934265.00     314744.00
45      239142.00     55856.00
46      720304.00     525053.00
47      480764.00     1058084.00
48      970063.00     396578.00
49      543132.00     334794.00
50      755587.00     491352.00
51      975653.00     745618.00
52      272842.00     58331.00
53      537123.00     165900.00
54      519742.00     129315.00
55      35924.00     947451.00
56      1064442.00     490895.00
57      489393.00     117496.00
58      631320.00     277543.00
59      261674.00     961159.00
60      534617.00     58056.00
61      691689.00     512673.00
62      182654.00     715277.00
63      945838.00     459916.00
64      627821.00     -838.00
65      1022110.00     283893.00
66      458725.00     143747.00
67      273755.00     -10984.00
68      293760.00     805861.00
69      466598.00     160110.00
70      906179.00     264649.00
71      712619.00     535794.00
72      240847.00     212619.00
73      993782.00     930601.00
74      322034.00     925655.00
75      954600.00     443790.00
76      995817.00     521789.00
77      267943.00     -26353.00
78      674673.00     332544.00
79      978160.00     748015.00
80      353466.00     1077036.00
81      371788.00     950118.00
82      779223.00     446051.00
83      525136.00     311620.00
84      1026402.00     609181.00
85      619524.00     -3330.00
86      644232.00     440581.00
87      198821.00     272321.00
88      280990.00     298348.00
89      475893.00     278934.00
90      291897.00     964145.00
91      476091.00     102274.00
92      34538.00     935151.00
93      985493.00     331624.00
94      25533.00     991767.00
95      1029016.00     248202.00
96      1041034.00     983317.00
97      922880.00     836157.00
98      754748.00     378532.00
99      193676.00     209011.00
100      269511.00     991097.00
101      608351.00     334935.00
102      221344.00     712137.00
103      940795.00     808773.00
104      35503.00     903653.00
105      194163.00     -8394.00
106      459581.00     335048.00
107      331638.00     1096815.00
108      538796.00     317093.00
109      505069.00     123029.00
110      706191.00     481820.00
111      974314.00     819460.00
112      335170.00     808699.00
113      774079.00     491470.00
114      727757.00     567077.00
115      469054.00     308841.00
116      982345.00     808600.00
117      635739.00     329982.00
118      559782.00     199329.00
119      865983.00     362039.00
120      566229.00     32945.00
121      945355.00     443621.00
122      343074.00     1043145.00
123      456407.00     356580.00
124      930994.00     863608.00
125      465030.00     165426.00
126      585931.00     271316.00
127      78142.00     896258.00
128      228762.00     757017.00
129      641748.00     302745.00
130      265500.00     967350.00
131      -18619.00     985581.00
132      437681.00     78375.00
133      657303.00     473671.00
134      207311.00     190512.00
135      1039916.00     606173.00
136      501654.00     342980.00
137      808872.00     431227.00
138      979141.00     290493.00
139      962582.00     325713.00
140      858477.00     607859.00
141      682062.00     285319.00
142      1018123.00     948910.00
143      555686.00     23786.00
144      895287.00     454109.00
145      373296.00     947968.00
146      -3116.00     976012.00
147      617542.00     115270.00
148      735268.00     492611.00
149      954724.00     617777.00
150      565140.00     26652.00
151      892688.00     563248.00
152      911677.00     841211.00
153      1079810.00     800957.00
154      778264.00     555164.00
155      419974.00     135778.00
156      511106.00     982963.00
157      682826.00     550673.00
158      534554.00     150784.00
159      254767.00     754810.00
160      340163.00     932553.00
161      508592.00     312824.00
162      579508.00     296187.00
163      961560.00     301327.00
164      493862.00     175735.00
165      501386.00     266573.00
166      463909.00     88190.00
167      338390.00     671668.00
168      965235.00     921962.00
169      710505.00     507680.00
170      367928.00     96586.00
171      1061692.00     290085.00
172      577618.00     26586.00
173      568778.00     276180.00
174      120097.00     667734.00
175      439840.00     92005.00
176      400650.00     986098.00
177      944072.00     769857.00
178      604630.00     304795.00
179      933823.00     485086.00
180      336792.00     47017.00
181      984258.00     658894.00
182      665887.00     341226.00
183      683701.00     313080.00
184      286989.00     15656.00
185      727013.00     436681.00
186      196457.00     232311.00
187      489533.00     904759.00
188      4838.00     638626.00
189      964356.00     620951.00
190      14019.00     975847.00
191      1011610.00     457653.00
192      1086560.00     348419.00
193      331881.00     905996.00
194      446028.00     299319.00
195      989521.00     565952.00
196      638645.00     343723.00
197      80472.00     761743.00
198      918795.00     371845.00
199      962133.00     405576.00
200      90002.00     730359.00
201      1066231.00     519460.00
202      314455.00     717336.00
203      698977.00     548286.00
204      990152.00     861550.00
205      420156.00     1035929.00
206      989198.00     480008.00
207      1024997.00     244075.00
208      675765.00     277962.00
209      1017295.00     284449.00
210      279452.00     70873.00
211      66701.00     635082.00
212      799479.00     462913.00
213      359551.00     959225.00
214      -21508.00     941499.00
215      179606.00     816588.00
216      680220.00     537678.00
217      109416.00     697746.00
218      1020461.00     867072.00
219      264488.00     51021.00
220      513200.00     119016.00
221      324952.00     979758.00
222      -23037.00     907079.00
223      425793.00     1004271.00
224      245076.00     731150.00
225      732401.00     490047.00
226      495432.00     290024.00
227      863374.00     857586.00
228      1000845.00     453198.00
229      5802.00     937511.00
230      322488.00     718762.00
231      297064.00     940211.00
232      78039.00     176061.00
233      310707.00     17474.00
234      431057.00     917939.00
235      1012985.00     782917.00
236      910332.00     348187.00
237      1036911.00     806200.00
238      604167.00     14088.00
239      1034615.00     373033.00
240      595552.00     265288.00
241      480446.00     146778.00
242      968706.00     830827.00
243      520827.00     159727.00
244      927178.00     891801.00
245      58502.00     918647.00
246      678857.00     289512.00
247      921982.00     539806.00
248      1066895.00     310233.00
249      982152.00     537701.00
250      553647.00     90137.00
251      546523.00     252022.00
252      970347.00     920258.00
253      542786.00     244277.00
254      1038062.00     501176.00
255      939444.00     649000.00
256      755201.00     486107.00
257      245208.00     17631.00
258      859154.00     515363.00
259      928209.00     569207.00
260      228581.00     290039.00
261      898350.00     777460.00
262      486326.00     321618.00
263      354152.00     925489.00
264      307482.00     958761.00
265      920851.00     668651.00
266      96606.00     655604.00
267      926699.00     806400.00
268      748417.00     485823.00
269      633607.00     235913.00
270      520306.00     120787.00
271      259081.00     144892.00
272      459850.00     274123.00
273      145018.00     681646.00
274      959481.00     742510.00
275      -31358.00     952162.00
276      331686.00     1086172.00
277      107344.00     669849.00
278      1038959.00     454099.00
279      880225.00     607529.00
280      669490.00     506855.00
281      548257.00     296059.00
282      326970.00     746737.00
283      429285.00     1062179.00
284      975519.00     448528.00
285      611622.00     341592.00
286      989119.00     800767.00
287      558132.00     154408.00
288      560470.00     -6998.00
289      934941.00     858189.00
290      850650.00     352948.00
291      954289.00     573916.00
292      474903.00     332139.00
293      472412.00     180641.00
294      271736.00     832653.00
295      918600.00     797087.00
296      545895.00     277676.00
297      60914.00     739114.00
298      911842.00     481207.00
299      995987.00     513246.00
300      336244.00     924492.00


301      669624.00     367077.00
302      213113.00     317798.00
303      382186.00     966747.00
304      851876.00     331130.00
305      379917.00     905379.00
306      479603.00     310225.00
307      264587.00     696793.00
308      505738.00     308854.00
309      1005275.00     349543.00
310      11743.00     929818.00
311      966284.00     432460.00
312      66564.00     742265.00
313      985933.00     788152.00
314      177323.00     269057.00
315      582741.00     1622.00
316      1041728.00     969352.00
317      447075.00     133055.00
318      357224.00     1073600.00
319      939524.00     731450.00
320      980763.00     433554.00
321      466840.00     281154.00
322      208129.00     260745.00
323      990651.00     511078.00
324      875583.00     392312.00
325      566752.00     39284.00
326      649829.00     356055.00
327      583955.00     -22935.00
328      1055782.00     306326.00
329      220744.00     66433.00
330      1068535.00     307643.00
331      957576.00     969635.00
332      424155.00     668.00
333      582864.00     731.00
334      450704.00     1012748.00
335      736428.00     451426.00
336      700624.00     501219.00
337      594358.00     80877.00
338      1038313.00     825056.00
339      1030838.00     436629.00
340      462130.00     153079.00
341      415990.00     924813.00
342      231689.00     255900.00
343      364279.00     -43699.00
344      989301.00     332654.00
345      420978.00     975030.00
346      224229.00     -21641.00
347      999754.00     586633.00
348      662863.00     512705.00
349      808076.00     416004.00
350      491677.00     192175.00
351      6138.00     954238.00
352      16453.00     957178.00
353      244797.00     753540.00
354      1015830.00     948217.00
355      958908.00     326754.00
356      580726.00     30503.00
357      299497.00     80977.00
358      120877.00     663858.00
359      1020152.00     422262.00
360      94578.00     726847.00
361      611452.00     362851.00
362      91700.00     971621.00
363      922396.00     410703.00
364      407150.00     188306.00
365      988373.00     994165.00
366      252224.00     211268.00
367      1029211.00     318790.00
368      228228.00     675784.00
369      181963.00     160602.00
370      194151.00     204264.00
371      990429.00     616589.00
372      962485.00     471277.00
373      487027.00     48736.00
374      428212.00     364305.00
375      736395.00     465004.00
376      437231.00     106871.00
377      959325.00     867596.00
378      629268.00     270211.00
379      470712.00     43382.00
380      402693.00     1013043.00
381      405226.00     1028002.00
382      194476.00     210876.00
383      1007126.00     885952.00
384      1006388.00     538259.00
385      902672.00     642791.00
386      994285.00     638276.00
387      521655.00     191446.00
388      715231.00     318286.00
389      729198.00     445581.00
390      739110.00     510144.00
391      1043693.00     908389.00
392      440393.00     957757.00
393      646914.00     77788.00
394      701037.00     273839.00
395      978831.00     819659.00
396      859182.00     418430.00
397      971852.00     787831.00
398      269783.00     710141.00
399      737963.00     578273.00
400      484930.00     251860.00
401      500191.00     -26033.00
402      362059.00     68965.00
403      612083.00     543519.00
404      554854.00     268201.00
405      878413.00     471867.00
406      539006.00     1025381.00
407      245354.00     726275.00
408      945490.00     733405.00
409      151112.00     643610.00
410      819079.00     401742.00
411      239369.00     615866.00
412      93844.00     715303.00
413      654552.00     326167.00
414      559275.00     343566.00
415      1006204.00     947646.00
416      988530.00     916792.00
417      464115.00     303033.00
418      523173.00     100275.00
419      921151.00     812598.00
420      676588.00     297348.00
421      933932.00     531876.00
422      408939.00     843555.00
423      429721.00     903177.00
424      468369.00     64403.00
425      298552.00     1013038.00
426      706940.00     538562.00
427      780993.00     543894.00
428      211184.00     769048.00
429      -19602.00     939224.00
430      1011976.00     334905.00
431      -25612.00     921356.00
432      924623.00     947340.00
433      672420.00     269141.00
434      1024507.00     896037.00
435      266904.00     961713.00
436      132613.00     677948.00
437      875129.00     479594.00
438      1049423.00     235210.00
439      588992.00     53006.00
440      1078221.00     373636.00
441      550890.00     270379.00
442      956122.00     1038055.00
443      231228.00     167524.00
444      467163.00     230055.00
445      454650.00     1052608.00
446      996903.00     414772.00
447      940924.00     965838.00
448      1056149.00     295786.00
449      -32639.00     948889.00
450      311050.00     772121.00
451      965473.00     375774.00
452      582987.00     18222.00
453      297849.00     975299.00
454      886062.00     922681.00
455      125389.00     669051.00
456      137649.00     760563.00
457      499475.00     192284.00
458      1032876.00     941817.00
459      280443.00     72557.00
460      467677.00     274481.00
461      584334.00     333219.00
462      216596.00     112130.00
463      355392.00     316783.00
464      47737.00     937785.00
465      968865.00     419997.00
466      968345.00     900197.00
467      337832.00     85886.00
468      483020.00     26164.00
469      630749.00     18033.00
470      508742.00     242729.00
471      738072.00     552741.00
472      -42807.00     742616.00
473      214132.00     253225.00
474      427704.00     102739.00
475      196468.00     145775.00
476      328593.00     930881.00
477      676648.00     481141.00
478      985859.00     345756.00
479      586228.00     316703.00
480      241578.00     733792.00
481      142239.00     639607.00
482      262460.00     78923.00
483      1045599.00     878351.00
484      314906.00     713219.00
485      705527.00     573223.00
486      573839.00     9502.00
487      1020076.00     930750.00
488      402335.00     171357.00
489      234089.00     840628.00
490      604719.00     10667.00
491      471260.00     993914.00
492      699782.00     571009.00
493      803964.00     497264.00
494      981138.00     895940.00
495      264833.00     656457.00
496      205046.00     212685.00
497      547376.00     297596.00
498      939129.00     436355.00
499      276562.00     54902.00
500      424716.00     1056496.00
501      374272.00     338061.00
502      609493.00     377343.00
503      454903.00     383462.00
504      980879.00     445657.00
505      586741.00     11796.00
506      -66860.00     946391.00
507      226294.00     -19579.00
508      633795.00     201125.00
509      962085.00     418253.00
510      936941.00     390671.00
511      951558.00     612395.00
512      737989.00     286287.00
513      935538.00     621822.00
514      429226.00     1004615.00
515      190397.00     193917.00
516      527074.00     282489.00
517      396285.00     914521.00
518      551607.00     277715.00
519      354006.00     1036799.00
520      988606.00     579963.00
521      292451.00     90499.00
522      293468.00     937461.00
523      1021595.00     559791.00
524      140233.00     683418.00
525      475448.00     139665.00
526      704096.00     464113.00
527      939312.00     289768.00
528      562795.00     360371.00
529      264747.00     679787.00
530      732283.00     440709.00
531      904865.00     460315.00
532      880687.00     814777.00
533      1028738.00     564102.00
534      701344.00     585671.00
535      460729.00     1006780.00
536      17661.00     665446.00
537      924120.00     509961.00
538      893668.00     413430.00
539      724429.00     448985.00
540      1011477.00     852681.00
541      944828.00     1061237.00
542      281717.00     1074546.00
543      945987.00     620376.00
544      211889.00     212670.00
545      338351.00     993235.00
546      969541.00     826989.00
547      391960.00     997694.00
548      620243.00     361020.00
549      989319.00     913958.00
550      983241.00     224412.00
551      31448.00     1007200.00
552      472642.00     161804.00
553      3096.00     681954.00
554      846532.00     517406.00
555      720385.00     476030.00
556      901236.00     407240.00
557      231615.00     205337.00
558      323564.00     -14633.00
559      1006297.00     273107.00
560      959041.00     593009.00
561      927490.00     647326.00
562      667168.00     386980.00
563      63198.00     960864.00
564      447902.00     1011589.00
565      706462.00     496735.00
566      984033.00     396451.00
567      535890.00     376567.00
568      538048.00     -50553.00
569      724926.00     427909.00
570      1016020.00     923175.00
571      248641.00     1355.00
572      153124.00     652050.00
573      169397.00     161570.00
574      941971.00     380204.00
575      985670.00     802017.00
576      677055.00     329993.00
577      282891.00     982700.00
578      732561.00     479132.00
579      12023.00     907259.00
580      615106.00     340654.00
581      705497.00     450925.00
582      295221.00     907635.00
583      437884.00     368808.00
584      886759.00     823658.00
585      -1009.00     900487.00
586      674955.00     460347.00
587      634530.00     346286.00
588      142076.00     630144.00
589      127300.00     752001.00
590      961169.00     760362.00
591      733859.00     528201.00
592      685789.00     568701.00
593      911655.00     360648.00
594      660257.00     551875.00
595      -468.00     937668.00
596      370706.00     930168.00
597      430828.00     996317.00
598      465714.00     101740.00
599      943087.00     396383.00
600      929131.00     566287.00
601      625649.00     234331.00
602      925654.00     915305.00
603      991261.00     786323.00
604      687356.00     478890.00
605      258989.00     7413.00
606      215395.00     1004343.00
607      987715.00     553698.00
608      281449.00     53771.00
609      946583.00     603511.00
610      310449.00     719995.00
611      779078.00     472474.00
612      477278.00     57114.00
613      1056501.00     478555.00
614      1006854.00     618170.00
615      116475.00     708021.00
616      539650.00     122967.00
617      547597.00     11902.00
618      718327.00     480379.00
619      946877.00     571733.00
620      924351.00     330022.00
621      189682.00     670820.00
622      969343.00     849430.00
623      979579.00     542407.00
624      1035291.00     679060.00
625      490558.00     102790.00
626      328361.00     1072479.00
627      495265.00     15006.00
628      977943.00     877833.00
629      70214.00     708048.00
630      535826.00     -37128.00
631      997789.00     456905.00
632      997259.00     570659.00
633      1017941.00     490832.00
634      983613.00     420392.00
635      926340.00     401716.00
636      546465.00     13270.00
637      308807.00     935109.00
638      272709.00     739256.00
639      1017780.00     671686.00
640      779705.00     588491.00
641      932846.00     419379.00
642      411669.00     53004.00
643      1072392.00     859448.00
644      422565.00     987398.00
645      701179.00     522878.00
646      25704.00     903092.00
647      1010606.00     829382.00
648      1022936.00     850217.00
649      875726.00     328781.00
650      871149.00     581702.00
651      906435.00     280536.00
652      317997.00     54917.00
653      442621.00     153855.00
654      946788.00     638911.00
655      795330.00     472684.00
656      982007.00     805294.00
657      992720.00     315703.00
658      950304.00     532116.00
659      503723.00     322399.00
660      667818.00     300369.00
661      945726.00     473613.00
662      314187.00     765703.00
663      974429.00     301528.00
664      474524.00     121509.00
665      957654.00     468722.00
666      340458.00     950903.00
667      27376.00     840979.00
668      484975.00     24432.00
669      100835.00     697230.00
670      1040844.00     329988.00
671      936487.00     251273.00
672      350473.00     985367.00
673      447872.00     361398.00
674      35998.00     898159.00
675      430131.00     -46452.00
676      759022.00     405634.00
677      691853.00     309522.00
678      946798.00     691984.00
679      718965.00     500142.00
680      811686.00     577423.00
681      963928.00     321668.00
682      399467.00     -23317.00
683      601370.00     352014.00
684      321756.00     910244.00
685      966051.00     360943.00
686      800004.00     480282.00
687      862321.00     627290.00
688      459074.00     186439.00
689      944684.00     447163.00
690      515450.00     -7619.00
691      499971.00     199155.00
692      482378.00     108880.00
693      1015683.00     276266.00
694      776289.00     484559.00
695      642784.00     388059.00
696      357306.00     1022767.00
697      355571.00     1022950.00
698      705469.00     250661.00
699      99143.00     758382.00
700      539046.00     163668.00
701      910116.00     758870.00
702      970865.00     836094.00
703      987317.00     396579.00
704      187531.00     325360.00
705      -55457.00     984014.00
706      340464.00     971856.00
707      1056506.00     924297.00
708      492438.00     -5725.00
709      493090.00     36922.00
710      765498.00     522180.00
711      332241.00     902072.00
712      409431.00     960349.00
713      973283.00     270933.00
714      311128.00     -28096.00
715      364235.00     45159.00
716      585415.00     36684.00
717      1029023.00     684164.00
718      235270.00     736169.00
719      708564.00     515507.00
720      88648.00     720358.00
721      397266.00     173977.00
722      615650.00     45717.00
723      311391.00     2266.00
724      588785.00     374935.00
725      483250.00     361010.00
726      954790.00     611306.00
727      977133.00     519341.00
728      1043617.00     848664.00
729      460937.00     -58176.00
730      625325.00     17660.00
731      441303.00     308739.00
732      257737.00     689159.00
733      990228.00     319463.00
734      184916.00     220310.00
735      524859.00     174578.00
736      243218.00     779732.00
737      949909.00     834209.00
738      -3390.00     971979.00
739      745598.00     392546.00
740      887937.00     674470.00
741      38110.00     1005395.00
742      778794.00     450468.00
743      872346.00     405435.00
744      1038628.00     984843.00
745      586318.00     94344.00
746      893464.00     461786.00
747      919372.00     368319.00
748      1008882.00     911406.00
749      925592.00     254331.00
750      512901.00     76487.00
751      147433.00     681941.00
752      154332.00     729689.00
753      195225.00     246717.00
754      931133.00     781389.00
755      721444.00     512772.00
756      1005945.00     529653.00
757      572331.00     127874.00
758      982349.00     984363.00
759      882545.00     360660.00
760      52812.00     655492.00
761      652110.00     389167.00
762      900140.00     399150.00
763      416896.00     948028.00
764      30162.00     1071796.00
765      426808.00     882098.00
766      1081531.00     760691.00
767      347819.00     911147.00
768      1008862.00     484618.00
769      683676.00     273310.00
770      428352.00     1016931.00
771      220389.00     186688.00
772      950373.00     985247.00
773      986560.00     926213.00
774      474152.00     282569.00
775      899500.00     802132.00
776      904784.00     412284.00
777      282410.00     679653.00
778      361694.00     943523.00
779      1005649.00     914192.00
780      931284.00     886615.00
781      187218.00     260511.00
782      352297.00     948683.00
783      368108.00     994487.00
784      75677.00     743816.00
785      1003840.00     256874.00
786      962545.00     871498.00
787      743979.00     530985.00
788      680366.00     388903.00
789      84928.00     639998.00
790      445228.00     118645.00
791      354073.00     872216.00
792      532794.00     214994.00
793      339629.00     968355.00
794      -7351.00     896931.00
795      762244.00     519684.00
796      944551.00     580456.00
797      820477.00     530979.00
798      460043.00     68606.00
799      900385.00     428005.00
800      83117.00     722049.00
801      349317.00     802335.00
802      442937.00     47268.00
803      172669.00     181061.00
804      169754.00     262994.00
805      928093.00     397693.00
806      316341.00     1011443.00
807      150509.00     218739.00
808      334349.00     139.00
809      352228.00     1014244.00
810      884465.00     414478.00
811      -1710.00     971566.00
812      440031.00     60986.00
813      580725.00     52013.00
814      455397.00     72979.00
815      294417.00     114808.00
816      977455.00     518526.00
817      596709.00     -15476.00
818      760043.00     505809.00
819      -12335.00     860108.00
820      744488.00     503129.00
821      946945.00     785720.00
822      605785.00     68128.00
823      911400.00     835499.00
824      896611.00     521615.00
825      977624.00     796432.00
826      296205.00     66839.00
827      695886.00     286002.00
828      943452.00     487818.00
829      930102.00     501223.00
830      459242.00     199000.00
831      951298.00     376897.00
832      266151.00     771467.00
833      371983.00     1063470.00
834      983827.00     223334.00
835      929420.00     264511.00
836      120587.00     678257.00
837      540368.00     238586.00
838      479812.00     302306.00
839      707664.00     486137.00
840      626603.00     371290.00
841      979014.00     669835.00
842      -41255.00     855960.00
843      674683.00     582291.00
844      319656.00     146164.00
845      380686.00     73443.00
846      616430.00     236955.00
847      220857.00     714539.00
848      262205.00     729044.00
849      516732.00     171776.00
850      212889.00     202133.00
851      952026.00     905293.00
852      357481.00     971257.00
853      970806.00     393994.00
854      736611.00     504924.00
855      351535.00     706086.00
856      807698.00     507290.00
857      973108.00     578200.00
858      638119.00     260212.00
859      516292.00     374529.00
860      21469.00     966722.00
861      1031106.00     832736.00
862      491449.00     223659.00
863      1029297.00     480592.00
864      927124.00     334453.00
865      6193.00     910377.00
866      167224.00     691113.00
867      782967.00     501808.00
868      150856.00     706386.00
869      229431.00     700987.00
870      960562.00     523857.00
871      187356.00     772891.00
872      44426.00     636871.00
873      883633.00     873681.00
874      292732.00     56917.00
875      1041102.00     448822.00
876      634243.00     43429.00
877      973132.00     815365.00
878      589981.00     266128.00
879      515390.00     187116.00
880      104334.00     628220.00
881      930933.00     687697.00
882      450418.00     38658.00
883      932379.00     564517.00
884      720955.00     526394.00
885      1000565.00     801054.00
886      434311.00     4843.00
887      522056.00     34977.00
888      448479.00     -9391.00
889      624332.00     -6840.00
890      31184.00     989240.00
891      903356.00     511932.00
892      1013770.00     481816.00
893      642717.00     317627.00
894      -128049.00     938535.00
895      950864.00     474256.00
896      454526.00     361210.00
897      465537.00     1034177.00
898      539150.00     284629.00
899      1025430.00     456081.00
900      270312.00     220371.00
901      722401.00     342889.00
902      544331.00     -62551.00
903      764125.00     469810.00
904      691565.00     533430.00
905      678488.00     536384.00
906      939684.00     878762.00
907      732116.00     577970.00
908      503352.00     412014.00
909      602628.00     60605.00
910      91569.00     616426.00
911      509668.00     17170.00
912      80611.00     1040930.00
913      982004.00     503921.00
914      557669.00     16852.00
915      993434.00     909979.00
916      960238.00     294057.00
917      81477.00     1011634.00
918      581260.00     352400.00
919      520607.00     46851.00
920      677991.00     501342.00
921      224003.00     29895.00
922      517623.00     348081.00
923      445689.00     97500.00
924      692681.00     553133.00
925      226268.00     643936.00
926      76803.00     611857.00
927      114442.00     669869.00
928      523291.00     36705.00
929      919756.00     474725.00
930      855250.00     320217.00
931      91707.00     700865.00
932      477428.00     264380.00
933      528937.00     13390.00
934      720723.00     492863.00
935      471015.00     121757.00
936      962521.00     735638.00
937      601802.00     306710.00
938      253366.00     765380.00
939      763790.00     486237.00
940      173215.00     228150.00
941      911291.00     784897.00
942      653289.00     435846.00
943      757300.00     427229.00
944      326009.00     899531.00
945      49579.00     994405.00
946      518363.00     20767.00
947      624640.00     334003.00
948      477789.00     925461.00
949      437175.00     133612.00
950      632951.00     312899.00
951      948477.00     583247.00
952      893520.00     471855.00
953      245729.00     198583.00
954      510819.00     308837.00
955      517765.00     7553.00
956      357859.00     983251.00
957      667482.00     276121.00
958      983726.00     884744.00
959      313011.00     1062109.00
960      -75489.00     969207.00
961      443034.00     166265.00
962      316916.00     968159.00
963      984228.00     650226.00
964      775882.00     394219.00
965      531154.00     79184.00
966      993413.00     605080.00
967      424139.00     35597.00
968      213934.00     726127.00
969      975011.00     280267.00
970      1003439.00     522486.00
971      317064.00     969880.00
972      330573.00     979271.00
973      752757.00     506388.00
974      114886.00     677219.00
975      443651.00     395082.00
976      865120.00     334131.00
977      514730.00     337115.00
978      971838.00     295842.00
979      1050575.00     262706.00
980      393246.00     1018921.00
981      694154.00     518752.00
982      545841.00     13000.00
983      237960.00     772181.00
984      502911.00     52466.00
985      895631.00     833752.00
986      891249.00     380318.00
987      955040.00     963510.00
988      709160.00     533608.00
989      729378.00     434347.00
990      797169.00     329378.00
991      890134.00     413658.00
992      233217.00     169506.00
993      958598.00     392349.00
994      759853.00     414015.00
995      907200.00     300490.00
996      951396.00     473596.00
997      460030.00     374534.00
998      543108.00     65803.00
999      471287.00     119659.00


1     8     568     902     401     690     955     327     708     617     
2     3     817     902     568     
3     7     568     630     401     729     327     690     708     
4     10     544     382     850     370     734     515     557     753     771     940     
5     3     771     850     953     
6     4     789     931     872     629     
7     5     833     381     500     980     318     
8     4     558     714     808     605     
9     7     938     983     480     718     832     736     407     
10     10     496     850     557     382     370     771     734     953     366     473     
11     6     812     882     798     814     967     424     
12     10     760     926     789     536     910     880     553     927     629     358     
13     2     610     855     
14     5     806     959     577     545     453     
15     1     681     
16     10     848     398     407     307     610     480     484     732     353     718     
17     9     635     805     641     776     556     762     510     599     799     
18     4     965     813     325     439     
19     4     583     975     673     503     
20     6     870     658     727     607     816     421     
21     3     629     312     784     
22     2     988     981     
23     4     901     677     512     576     
24     4     834     550     785     438     
25     4     783     980     380     696     
26     8     381     833     980     770     380     445     318     514     
27     7     477     348     604     336     981     565     839     
28     1     834     
29     3     737     823     821     
30     7     574     599     805     831     635     747     993     
31     8     797     856     493     686     867     437     427     655     
32     10     455     927     836     974     436     524     481     751     572     409     
33     10     695     562     788     840     301     326     942     502     548     361     
34     10     474     949     376     790     488     317     721     653     923     961     
35     7     874     826     357     608     499     459     521     
36     9     547     644     303     380     345     712     783     980     597     
37     9     637     962     971     476     522     666     453     793     972     
38     6     927     974     358     836     455     436     
39     3     631     892     768     
40     5     306     838     417     774     321     
41     9     969     785     671     550     834     916     978     559     835     
42     3     929     746     689     
43     8     875     359     899     631     446     863     613     892     
44     5     864     527     355     681     995     
45     2     921     482     
46     3     755     591     988     
47     6     897     334     535     500     564     491     
48     10     993     566     703     451     509     465     599     831     634     446     
49     8     414     977     922     528     497     461     659     954     
50     9     939     818     973     820     694     903     854     390     578     
51     2     936     590     
52     1     608     
53     6     735     849     387     879     616     457     
54     8     616     418     700     625     849     692     525     735     
55     3     464     352     860     
56     4     863     633     875     892     
57     4     625     664     999     935     
58     10     858     950     957     937     893     433     878     660     846     601     
59     5     577     453     522     637     962     
60     8     919     965     928     887     750     984     325     946     
61     6     645     336     719     920     904     565     
62     10     752     868     968     847     621     751     869     524     718     871     
63     1     661     
64     2     730     469     
65     4     693     559     785     979     
66     5     317     525     653     552     949     
67     8     605     571     723     714     507     558     346     808     
68     3     450     832     662     
69     4     552     340     525     961     
70     7     749     835     671     995     527     916     713     
71     5     426     884     645     719     904     
72     1     557     
73     3     416     549     779     
74     3     684     637     711     
75     10     689     311     498     665     504     509     465     320     372     996     
76     7     323     756     816     727     384     913     623     
77     8     571     605     507     714     346     723     558     921     
78     1     413     
79     10     936     590     408     397     603     313     319     825     821     575     
80     10     833     626     519     959     697     696     809     980     381     542     
81     8     778     782     303     596     852     666     956     793     
82     9     611     903     943     655     994     694     686     349     939     
83     7     308     659     497     977     516     898     922     
84     7     614     966     347     371     386     533     520     
85     4     490     730     469     817     
86     2     586     477     
87     4     781     314     473     753     
88     10     342     302     463     900     473     322     366     704     753     781     
89     2     321     460     
90     3     577     435     962     
91     5     598     625     999     664     935     
92     6     464     310     352     646     860     351     
93     1     733     
94     8     551     741     945     860     811     738     352     351     
95     8     438     979     785     693     559     834     550     448     
96     9     316     458     354     415     365     487     758     707     570     
97     10     419     737     985     584     775     906     532     546     702     377     
98     3     964     676     994     
99     5     370     496     734     515     544     
100     10     435     453     425     806     971     962     606     522     972     637     
101     1     580     
102     9     869     968     718     407     480     368     732     848     307     
103     1     419     
104     8     646     579     865     310     464     585     794     595     
105     5     507     921     571     605     329     
106     3     896     673     306     
107     4     626     318     959     833     
108     4     497     954     977     898     
109     3     625     692     418     
110     10     618     565     555     526     934     604     336     679     578     477     
111     3     395     546     656     
112     2     450     662     
113     9     939     867     611     818     903     973     686     655     493     
114     7     399     471     485     492     534     426     924     
115     7     417     306     838     774     731     321     460     
116     10     575     877     395     825     885     313     546     397     603     702     
117     9     893     587     950     413     580     326     548     683     361     
118     1     387     
119     9     976     986     324     304     649     930     743     593     762     
120     2     356     914     
121     2     498     311     
122     7     697     696     809     626     318     833     959     
123     7     673     997     583     503     725     374     975     
124     7     906     780     377     786     823     737     622     
125     8     552     340     688     961     653     525     830     317     
126     9     404     518     441     937     378     479     846     497     898     
127     7     674     464     646     563     579     865     310     
128     3     983     428     718     
129     7     893     660     413     378     420     947     957     
130     6     577     453     522     962     971     637     
131     1     738     
132     4     812     814     923     798     
133     9     586     604     920     942     348     526     336     839     581     
134     10     771     515     370     496     544     382     557     443     992     803     
135     7     614     533     347     966     523     371     632     
136     2     922     659     
137     4     410     742     655     964     
138     5     969     663     916     713     657     
139     6     681     663     344     733     478     978     
140     4     650     680     385     740     
141     8     769     420     827     957     433     660     394     677     
142     5     415     458     487     570     316     
143     3     636     617     982     
144     6     531     952     405     799     929     437     
145     9     778     596     303     782     852     666     712     956     793     
146     6     811     351     860     352     890     595     
147     9     337     757     393     822     909     439     722     813     876     
148     5     854     578     820     934     390     
149     6     726     543     609     513     654     560     
150     10     914     325     356     486     452     716     617     636     982     505     
151     2     600     883     
152     7     985     419     584     737     532     775     873     
153     3     338     861     643     
154     5     640     710     795     680     471     
155     7     317     653     790     376     474     961     488     
156     9     406     535     948     334     897     564     392     597     514     
157     9     905     592     904     594     492     426     988     485     843     
158     7     735     849     616     879     387     757     418     
159     2     353     938     
160     9     476     666     782     767     778     684     596     637     711     
161     7     308     659     977     306     838     516     922     
162     8     937     878     497     518     404     461     441     898     
163     6     978     663     681     969     527     355     
164     4     457     849     691     879     
165     7     932     470     516     774     460     321     838     
166     10     814     798     923     424     692     625     999     376     612     935     
167     6     484     610     777     529     495     307     
168     1     851     
169     9     679     565     336     755     645     934     981     884     839     
170     9     402     467     715     474     642     652     844     376     357     
171     10     328     330     979     367     670     693     438     559     785     430     
172     1     452     
173     6     518     441     878     497     898     516     
174     4     455     927     836     974     
175     10     376     474     814     790     598     798     812     424     317     949     
176     3     547     644     345     
177     2     754     590     
178     6     479     950     461     947     580     893     
179     5     661     829     929     895     996     
180     2     715     402     
181     5     841     386     639     654     371     
182     2     576     413     
183     10     420     576     660     827     413     388     769     957     893     394     
184     1     723     
185     9     530     569     389     539     335     581     375     943     526     
186     1     734     
187     7     423     765     392     341     763     491     517     
188     7     872     553     760     926     789     910     629     
189     7     726     511     543     609     654     371     560     
190     5     811     738     352     890     351     
191     4     631     899     892     768     
192     9     330     670     328     448     367     430     309     979     344     
193     8     944     684     767     476     582     637     791     666     
194     6     417     321     774     460     838     306     
195     3     607     520     857     
196     6     326     947     413     580     548     893     
197     6     699     312     360     800     720     589     
198     7     593     574     510     805     986     635     831     
199     9     509     993     853     465     599     566     634     703     311     
200     2     720     800     
201     3     613     863     633     
202     3     610     855     398     
203     8     426     904     988     492     905     592     645     485     
204     5     540     958     622     786     383     
205     8     770     500     380     980     514     564     445     334     
206     1     892     
207     1     785     
208     7     769     433     420     827     660     394     677     
209     7     693     559     785     367     979     657     448     
210     7     499     608     826     482     874     357     521     
211     1     872     
212     3     686     611     742     
213     10     782     778     666     793     706     303     956     672     596     972     
214     7     449     431     595     351     310     738     811     
215     5     428     489     456     983     736     
216     8     904     924     981     594     645     426     988     348     
217     6     615     931     974     836     412     927     
218     7     648     383     483     434     728     861     647     
219     5     499     608     459     482     874     
220     7     418     616     625     692     664     999     935     
221     10     971     962     706     793     545     672     453     666     806     956     
222     10     794     585     865     429     579     595     310     449     819     646     
223     10     597     770     644     564     380     334     345     381     547     535     
224     5     407     718     848     353     638     
225     5     578     934     854     679     618     
226     8     308     774     954     306     321     932     460     516     
227     6     985     584     532     823     775     454     
228     8     504     899     320     892     768     339     359     634     
229     2     310     351     
230     9     484     610     855     662     398     638     450     777     848     
231     4     637     582     476     962     
232     2     573     803     
233     1     808     
234     2     341     763     
235     7     603     313     575     825     656     397     647     
236     5     864     747     620     759     986     
237     3     861     647     885     
238     7     505     730     452     315     333     469     356     
239     8     670     440     430     359     703     367     566     478     
240     2     378     846     
241     6     552     340     664     935     999     317     
242     2     702     395     
243     4     735     700     879     387     
244     9     906     602     851     377     786     466     873     454     628     
245     9     674     646     563     579     310     865     352     860     595     
246     6     420     660     769     827     957     433     
247     3     883     600     658     
248     10     328     448     670     367     979     430     693     440     559     309     
249     5     607     727     816     384     756     
250     3     965     998     418     
251     7     837     404     441     518     898     516     470     
252     5     773     416     549     466     851     
253     7     404     441     792     470     518     898     516     
254     3     633     613     892     
255     6     654     513     543     385     511     881     
256     2     939     903     
257     1     605     
258     8     824     437     797     891     405     856     952     493     
259     1     883     
260     5     342     322     473     781     704     
261     10     701     775     754     532     419     584     821     985     823     319     
262     9     659     838     308     954     417     977     725     774     922     
263     2     767     596     
264     7     962     971     453     637     522     972     793     
265     9     561     385     740     678     654     513     543     841     511     
266     6     789     927     358     974     880     455     
267     1     754     
268     2     939     578     
269     8     846     858     378     508     433     957     878     769     
270     1     616     
271     2     443     815     
272     7     321     774     932     417     400     838     731     
273     4     524     436     455     866     
274     4     408     590     319     821     
275     7     429     431     595     738     811     506     351     
276     6     626     318     959     833     542     519     
277     2     927     974     
278     10     899     339     863     613     359     892     631     633     768     446     
279     7     687     650     385     513     561     600     609     
280     6     920     477     981     905     336     604     
281     4     898     518     516     441     
282     4     450     610     484     855     
283     6     445     381     770     897     334     564     
284     7     320     311     631     372     665     634     465     
285     7     683     947     548     361     587     461     918     
286     8     656     885     825     313     603     395     397     877     
287     1     757     
288     6     617     333     315     914     636     982     
289     4     906     377     737     780     
290     10     304     976     759     930     649     324     986     743     410     990     
291     4     951     796     857     560     
292     6     306     725     838     659     417     896     
293     10     552     350     830     340     457     961     691     653     525     879     
294     4     489     736     832     983     
295     3     941     419     775     
296     9     441     898     404     516     497     837     878     954     308     
297     8     784     800     629     720     360     412     699     931     
298     9     952     531     746     829     537     891     828     405     661     
299     7     970     913     756     816     727     384     633     
300     10     476     767     684     711     666     944     782     637     778     596     

80
0.11

305
331
332
343
362
363
364
369
373
379
391
396
403
411
422
432
442
444
447
462
468
472
475
494
501
538
541
554
567
588
619
624
627
651
667
668
669
675
682
685
698
705
709
717
724
739
744
745
748
761
764
766
772
787
801
802
804
807
810
842
845
859
862
886
888
889
894
907
908
911
912
915
917
925
933
960
963
987
989
991
