1
100
40
59
29


0      1357.00     1905.00

1      2650.00     802.00
2      1774.00     107.00
3      1307.00     964.00
4      3806.00     746.00
5      2687.00     1353.00
6      43.00     1957.00
7      3092.00     1668.00
8      185.00     1542.00
9      834.00     629.00
10      40.00     462.00
11      1183.00     1391.00
12      2048.00     1628.00
13      1097.00     643.00
14      1838.00     1732.00
15      234.00     1118.00
16      3314.00     1881.00
17      737.00     1285.00
18      779.00     777.00
19      2312.00     1949.00
20      2576.00     189.00
21      3078.00     1541.00
22      2781.00     478.00
23      705.00     1812.00
24      3409.00     1917.00
25      323.00     1714.00
26      1660.00     1556.00
27      3729.00     1188.00
28      693.00     1383.00
29      2361.00     640.00
30      2433.00     1538.00
31      554.00     1825.00
32      913.00     317.00
33      3586.00     1909.00
34      2636.00     727.00
35      1000.00     457.00
36      482.00     1337.00
37      3704.00     1082.00
38      3635.00     1174.00
39      1362.00     1526.00
40      2049.00     417.00


41      2552.00     1909.00
42      3939.00     640.00
43      219.00     898.00
44      812.00     351.00
45      901.00     1552.00
46      2513.00     1572.00
47      242.00     584.00
48      826.00     1226.00
49      3278.00     799.00
50      86.00     1065.00
51      14.00     454.00
52      1327.00     1893.00
53      2773.00     1286.00
54      2469.00     1838.00
55      3835.00     963.00
56      1031.00     428.00
57      3853.00     1712.00
58      1868.00     197.00
59      1544.00     863.00
60      457.00     1607.00
61      3174.00     1064.00
62      192.00     1004.00
63      2318.00     1925.00
64      2232.00     1374.00
65      396.00     828.00
66      2365.00     1649.00
67      2499.00     658.00
68      1410.00     307.00
69      2990.00     214.00
70      3646.00     1018.00
71      3394.00     1028.00
72      1779.00     90.00
73      1058.00     372.00
74      2933.00     1459.00
75      3099.00     173.00
76      2178.00     978.00
77      138.00     1610.00
78      2082.00     1753.00
79      2302.00     1127.00
80      805.00     272.00
81      22.00     1617.00
82      3213.00     1085.00
83      99.00     536.00
84      1533.00     1780.00
85      3564.00     676.00
86      29.00     6.00
87      3808.00     1375.00
88      2221.00     291.00
89      3499.00     1885.00
90      3124.00     408.00
91      781.00     671.00
92      1027.00     1041.00
93      3249.00     378.00
94      3297.00     491.00
95      213.00     220.00
96      721.00     186.00
97      3736.00     1542.00
98      868.00     731.00
99      960.00     303.00


1     2     67     79     
2     6     72     58     68     88     73     59     
3     9     59     92     98     48     91     56     73     68     45     
4     7     42     55     85     70     71     49     94     
5     4     53     74     46     66     
6     10     81     77     60     50     45     62     48     43     65     52     
7     5     74     89     53     46     41     
8     6     77     81     60     50     62     43     
9     4     91     98     44     56     
10     9     51     83     47     95     86     43     65     62     50     
11     3     45     92     48     
12     4     78     64     66     63     
13     10     56     98     73     91     99     92     44     68     80     59     
14     5     78     84     63     64     66     
15     9     62     50     43     65     77     47     60     81     83     
16     6     89     97     57     74     87     41     
17     2     48     45     
18     4     98     91     92     65     
19     3     63     54     41     
20     9     88     69     67     75     90     93     58     94     72     
21     2     74     53     
22     7     67     69     90     75     93     94     88     
23     5     60     45     48     77     52     
24     7     89     57     97     74     87     82     41     
25     8     60     77     81     45     50     48     62     43     
26     8     84     78     52     64     59     66     63     45     
27     10     70     87     55     97     71     82     85     57     61     42     
28     7     48     45     60     92     77     62     65     
29     5     67     88     76     79     58     
30     2     46     66     
31     10     60     45     77     81     48     52     50     62     92     84     
32     3     99     44     80     
33     7     89     57     97     87     74     70     71     
34     4     67     79     76     53     
35     2     56     73     
36     6     60     48     77     62     45     50     
37     10     70     55     87     71     85     97     82     42     49     61     
38     8     70     87     71     55     97     82     61     85     
39     1     84     
40     3     88     58     72     

1
0.02

96
