1
100
50
49
49


0      1357.00     1905.00

1      2650.00     802.00
2      1774.00     107.00
3      1307.00     964.00
4      3806.00     746.00
5      2687.00     1353.00
6      43.00     1957.00
7      3092.00     1668.00
8      185.00     1542.00
9      834.00     629.00
10      40.00     462.00
11      1183.00     1391.00
12      2048.00     1628.00
13      1097.00     643.00
14      1838.00     1732.00
15      234.00     1118.00
16      3314.00     1881.00
17      737.00     1285.00
18      779.00     777.00
19      2312.00     1949.00
20      2576.00     189.00
21      3078.00     1541.00
22      2781.00     478.00
23      705.00     1812.00
24      3409.00     1917.00
25      323.00     1714.00
26      1660.00     1556.00
27      3729.00     1188.00
28      693.00     1383.00
29      2361.00     640.00
30      2433.00     1538.00
31      554.00     1825.00
32      913.00     317.00
33      3586.00     1909.00
34      2636.00     727.00
35      1000.00     457.00
36      482.00     1337.00
37      3704.00     1082.00
38      3635.00     1174.00
39      1362.00     1526.00
40      2049.00     417.00
41      2552.00     1909.00
42      3939.00     640.00
43      219.00     898.00
44      812.00     351.00
45      901.00     1552.00
46      2513.00     1572.00
47      242.00     584.00
48      826.00     1226.00
49      3278.00     799.00
50      86.00     1065.00


51      14.00     454.00
52      1327.00     1893.00
53      2773.00     1286.00
54      2469.00     1838.00
55      3835.00     963.00
56      1031.00     428.00
57      3853.00     1712.00
58      1868.00     197.00
59      1544.00     863.00
60      457.00     1607.00
61      3174.00     1064.00
62      192.00     1004.00
63      2318.00     1925.00
64      2232.00     1374.00
65      396.00     828.00
66      2365.00     1649.00
67      2499.00     658.00
68      1410.00     307.00
69      2990.00     214.00
70      3646.00     1018.00
71      3394.00     1028.00
72      1779.00     90.00
73      1058.00     372.00
74      2933.00     1459.00
75      3099.00     173.00
76      2178.00     978.00
77      138.00     1610.00
78      2082.00     1753.00
79      2302.00     1127.00
80      805.00     272.00
81      22.00     1617.00
82      3213.00     1085.00
83      99.00     536.00
84      1533.00     1780.00
85      3564.00     676.00
86      29.00     6.00
87      3808.00     1375.00
88      2221.00     291.00
89      3499.00     1885.00
90      3124.00     408.00
91      781.00     671.00
92      1027.00     1041.00
93      3249.00     378.00
94      3297.00     491.00
95      213.00     220.00
96      721.00     186.00
97      3736.00     1542.00
98      868.00     731.00
99      960.00     303.00


1     7     67     79     53     76     61     90     82     
2     2     72     58     
3     8     59     92     98     91     56     73     68     99     
4     7     55     85     70     71     94     87     93     
5     3     53     74     66     
6     6     81     77     60     62     65     52     
7     4     74     89     53     82     
8     5     77     81     60     62     65     
9     1     91     
10     8     51     83     95     86     65     62     96     91     
11     6     92     52     84     59     98     60     
12     6     78     64     66     63     54     84     
13     4     56     98     73     91     
14     2     78     84     
15     9     62     65     77     60     81     83     51     91     98     
16     9     89     97     57     74     87     82     53     61     54     
17     9     92     60     98     65     62     91     77     81     52     
18     1     98     
19     2     63     54     
20     8     88     69     67     75     90     93     58     94     
21     6     74     53     82     61     89     71     
22     1     67     
23     6     60     77     52     81     84     92     
24     10     89     57     97     74     87     82     61     71     53     70     
25     1     60     
26     10     84     78     52     64     59     66     63     79     76     92     
27     4     70     87     55     97     
28     6     60     92     77     62     65     98     
29     5     67     88     76     79     58     
30     3     66     64     54     
31     8     60     77     81     52     62     92     84     65     
32     3     99     80     73     
33     7     89     57     97     87     74     70     71     
34     8     67     79     76     53     90     88     69     61     
35     3     56     73     99     
36     3     60     77     62     
37     1     70     
38     2     70     87     
39     2     84     52     
40     8     88     58     72     67     76     68     59     79     
41     6     54     63     66     78     74     64     
42     10     55     85     70     94     71     93     87     90     82     61     
43     2     62     65     
44     9     80     99     96     56     73     91     98     68     95     
45     2     60     92     
46     8     66     54     64     53     63     74     78     79     
47     9     83     51     65     95     62     91     86     96     98     
48     7     92     98     60     91     65     62     77     
49     7     71     61     82     94     85     90     93     
50     10     62     65     83     77     81     51     60     91     98     95     

0
0.00

