1
100
50
49
49


0      143.77     862.63

1      881.78     1.18
2      545.24     735.01
3      502.81     876.00
4      204.88     345.23
5      701.64     576.99
6      147.17     164.29
7      135.38     807.91
8      629.00     976.97
9      675.00     731.45
10      313.70     299.13
11      445.69     981.97
12      354.79     765.22
13      398.13     976.03
14      273.04     853.94
15      666.29     312.27
16      876.94     925.39
17      134.03     949.82
18      966.83     726.80
19      659.35     889.08
20      400.34     874.49
21      118.04     312.04
22      809.87     50.86
23      16.28     114.16
24      12.62     48.24
25      650.04     940.26
26      791.19     758.95
27      907.19     612.60
28      510.86     25.86
29      31.64     431.22
30      776.76     253.78
31      531.82     906.89
32      654.97     767.76
33      186.06     206.53
34      564.59     3.00
35      410.82     437.92
36      930.19     639.82
37      941.39     889.98
38      341.54     39.41
39      162.62     95.20
40      107.56     262.75
41      82.64     131.13
42      43.01     77.90
43      554.45     99.78
44      608.62     227.86
45      889.59     760.96
46      559.46     508.13
47      13.60     508.47
48      402.57     839.18
49      886.16     764.31
50      84.65     629.07


51      486.78     259.06
52      647.52     553.52
53      967.65     824.25
54      236.62     1.52
55      879.52     737.58
56      509.84     420.79
57      936.13     303.89
58      872.34     499.02
59      143.00     840.98
60      233.10     303.93
61      199.82     937.72
62      302.12     847.44
63      365.53     566.23
64      107.59     549.47
65      802.66     344.87
66      319.49     813.10
67      3.25     701.54
68      180.03     766.31
69      977.60     968.84
70      14.63     842.38
71      922.63     954.28
72      896.27     789.07
73      667.95     906.11
74      425.06     869.54
75      865.92     369.61
76      898.57     539.11
77      621.69     878.16
78      673.73     613.12
79      89.30     491.92
80      147.86     459.84
81      428.29     905.37
82      51.75     636.34
83      826.46     231.70
84      426.25     946.36
85      316.07     853.39
86      275.71     973.75
87      835.29     247.97
88      970.19     63.52
89      123.62     644.17
90      226.67     562.46
91      808.92     791.39
92      942.26     531.02
93      705.83     455.76
94      856.23     509.76
95      352.48     1.16
96      308.88     842.79
97      750.98     394.93
98      610.78     584.41
99      483.64     116.32


1     6     88     83     87     57     65     75     
2     9     77     98     78     74     81     52     73     66     84     
3     2     74     81     
4     1     60     
5     1     78     
6     8     60     54     95     80     79     99     51     64     
7     2     59     68     
8     7     73     77     84     81     74     91     71     
9     10     78     91     77     98     73     52     55     72     93     74     
10     4     60     51     56     80     
11     1     84     
12     4     66     96     85     62     
13     8     84     81     74     86     85     96     62     66     
14     4     62     96     85     66     
15     1     97     
16     5     71     69     53     72     91     
17     4     61     59     86     70     
18     3     55     72     53     
19     4     73     77     91     81     
20     2     74     81     
21     1     60     
22     3     88     83     87     
23     8     54     60     95     80     79     64     99     51     
24     8     54     60     95     80     79     99     64     51     
25     2     73     77     
26     4     91     55     72     78     
27     1     76     
28     8     99     95     51     54     83     60     87     56     
29     1     79     
30     4     83     87     65     97     
31     7     77     81     84     74     73     85     96     
32     4     77     73     91     78     
33     2     60     54     
34     10     99     95     51     54     83     87     88     65     56     97     
35     6     56     63     51     90     60     98     
36     7     76     92     55     94     58     72     53     
37     2     71     53     
38     6     95     54     99     51     60     56     
39     2     54     95     
40     1     60     
41     10     54     60     95     80     79     99     64     51     90     82     
42     8     54     60     95     80     79     99     64     51     
43     4     99     51     95     83     
44     1     51     
45     9     55     72     91     53     71     76     69     92     94     
46     2     98     52     
47     6     79     64     82     80     89     67     
48     2     74     81     
49     8     72     55     91     53     71     69     76     92     
50     2     82     89     

0
0.00

