1
150
45
104
52


0      1380.00     939.00

1      2848.00     96.00
2      3510.00     1671.00
3      457.00     334.00
4      3888.00     666.00
5      984.00     965.00
6      2721.00     1482.00
7      1286.00     525.00
8      2716.00     1432.00
9      738.00     1325.00
10      1251.00     1832.00
11      2728.00     1698.00
12      3815.00     169.00
13      3683.00     1533.00
14      1247.00     1945.00
15      123.00     862.00
16      1234.00     1946.00
17      252.00     1240.00
18      611.00     673.00
19      2576.00     1676.00
20      928.00     1700.00
21      53.00     857.00
22      1807.00     1711.00
23      274.00     1420.00
24      2574.00     946.00
25      178.00     24.00
26      2678.00     1825.00
27      1795.00     962.00
28      3384.00     1498.00
29      3520.00     1079.00
30      1256.00     61.00
31      1424.00     1728.00
32      3913.00     192.00
33      3085.00     1528.00
34      2573.00     1969.00
35      463.00     1670.00
36      3875.00     598.00
37      298.00     1513.00
38      3479.00     821.00
39      2542.00     236.00
40      3955.00     1743.00
41      1323.00     280.00
42      3447.00     1830.00
43      2936.00     337.00
44      1621.00     1830.00
45      3373.00     1646.00


46      1393.00     1368.00
47      3874.00     1318.00
48      938.00     955.00
49      3022.00     474.00
50      2482.00     1183.00
51      3854.00     923.00
52      376.00     825.00
53      2519.00     135.00
54      2945.00     1622.00
55      953.00     268.00
56      2628.00     1479.00
57      2097.00     981.00
58      890.00     1846.00
59      2139.00     1806.00
60      2421.00     1007.00
61      2290.00     1810.00
62      1115.00     1052.00
63      2588.00     302.00
64      327.00     265.00
65      241.00     341.00
66      1917.00     687.00
67      2991.00     792.00
68      2573.00     599.00
69      19.00     674.00
70      3911.00     1673.00
71      872.00     1559.00
72      2863.00     558.00
73      929.00     1766.00
74      839.00     620.00
75      3893.00     102.00
76      2178.00     1619.00
77      3822.00     899.00
78      378.00     1048.00
79      1178.00     100.00
80      2599.00     901.00
81      3416.00     143.00
82      2961.00     1605.00
83      611.00     1384.00
84      3113.00     885.00
85      2597.00     1830.00
86      2586.00     1286.00
87      161.00     906.00
88      1429.00     134.00
89      742.00     1025.00
90      1625.00     1651.00
91      1187.00     706.00
92      1787.00     1009.00
93      22.00     987.00
94      3640.00     43.00
95      3756.00     882.00
96      776.00     392.00
97      1724.00     1642.00
98      198.00     1810.00
99      3950.00     1558.00
100      3477.00     949.00
101      91.00     1732.00
102      3972.00     329.00
103      198.00     1632.00
104      1806.00     733.00
105      538.00     1023.00
106      3430.00     1088.00
107      2186.00     766.00
108      1513.00     1646.00
109      2143.00     1611.00
110      53.00     1657.00
111      3404.00     1307.00
112      1034.00     1344.00
113      2823.00     376.00
114      3104.00     1931.00
115      3232.00     324.00
116      2790.00     1457.00
117      374.00     9.00
118      741.00     146.00
119      3083.00     1938.00
120      3502.00     1067.00
121      1280.00     237.00
122      3326.00     1846.00
123      217.00     38.00
124      2503.00     1172.00
125      3527.00     41.00
126      739.00     1850.00
127      3548.00     1999.00
128      48.00     154.00
129      1419.00     872.00
130      1689.00     1223.00
131      3468.00     1404.00
132      1628.00     253.00
133      382.00     872.00
134      3029.00     1242.00
135      3646.00     1758.00
136      285.00     1029.00
137      1782.00     93.00
138      1067.00     371.00
139      2849.00     1214.00
140      920.00     1835.00
141      1741.00     712.00
142      876.00     220.00
143      2753.00     283.00
144      2609.00     1286.00
145      3941.00     258.00
146      3613.00     523.00
147      1754.00     559.00
148      2916.00     1724.00
149      2445.00     1820.00


1     9     143     113     53     63     49     115     72     81     68     
2     3     135     122     131     
3     8     64     65     96     117     118     123     142     128     
4     3     77     95     51     
5     5     48     62     89     91     74     
6     6     116     56     144     86     54     82     
7     3     91     138     121     
8     3     116     56     144     
9     6     83     71     112     89     105     48     
10     9     108     73     140     58     90     71     46     97     126     
11     7     85     148     54     56     116     82     149     
12     10     75     145     94     102     125     81     146     115     95     77     
13     9     135     131     70     99     47     111     122     127     120     
14     4     140     73     58     108     
15     6     87     93     69     136     52     133     
16     6     140     73     58     108     90     126     
17     1     136     
18     6     74     52     133     96     105     89     
19     9     85     149     56     116     61     148     54     86     144     
20     2     73     140     
21     6     87     93     69     136     52     133     
22     1     97     
23     8     103     110     83     101     78     136     98     105     
24     4     80     60     124     50     
25     5     123     128     117     64     65     
26     2     85     149     
27     6     92     104     141     130     66     57     
28     7     131     111     122     135     106     82     134     
29     5     120     106     100     111     95     
30     2     79     121     
31     8     108     90     97     46     73     140     58     112     
32     1     145     
33     5     82     54     148     134     116     
34     1     85     
35     7     103     98     83     126     101     110     71     
36     2     146     102     
37     1     103     
38     6     100     120     106     95     146     77     
39     6     63     53     143     113     68     72     
40     3     70     99     135     
41     6     121     88     79     138     132     55     
42     9     122     127     135     114     119     131     70     111     82     
43     4     113     49     143     72     
44     3     90     108     97     
45     8     122     131     135     111     114     127     119     82     

10
0.10

59
67
76
84
107
109
129
137
139
147
