1
150
75
74
37


0      1380.00     939.00

1      2848.00     96.00
2      3510.00     1671.00
3      457.00     334.00
4      3888.00     666.00
5      984.00     965.00
6      2721.00     1482.00
7      1286.00     525.00
8      2716.00     1432.00
9      738.00     1325.00
10      1251.00     1832.00
11      2728.00     1698.00
12      3815.00     169.00
13      3683.00     1533.00
14      1247.00     1945.00
15      123.00     862.00
16      1234.00     1946.00
17      252.00     1240.00
18      611.00     673.00
19      2576.00     1676.00
20      928.00     1700.00
21      53.00     857.00
22      1807.00     1711.00
23      274.00     1420.00
24      2574.00     946.00
25      178.00     24.00
26      2678.00     1825.00
27      1795.00     962.00
28      3384.00     1498.00
29      3520.00     1079.00
30      1256.00     61.00
31      1424.00     1728.00
32      3913.00     192.00
33      3085.00     1528.00
34      2573.00     1969.00
35      463.00     1670.00
36      3875.00     598.00
37      298.00     1513.00
38      3479.00     821.00
39      2542.00     236.00
40      3955.00     1743.00
41      1323.00     280.00
42      3447.00     1830.00
43      2936.00     337.00
44      1621.00     1830.00
45      3373.00     1646.00
46      1393.00     1368.00
47      3874.00     1318.00
48      938.00     955.00
49      3022.00     474.00
50      2482.00     1183.00
51      3854.00     923.00
52      376.00     825.00
53      2519.00     135.00
54      2945.00     1622.00
55      953.00     268.00
56      2628.00     1479.00
57      2097.00     981.00
58      890.00     1846.00
59      2139.00     1806.00
60      2421.00     1007.00
61      2290.00     1810.00
62      1115.00     1052.00
63      2588.00     302.00
64      327.00     265.00
65      241.00     341.00
66      1917.00     687.00
67      2991.00     792.00
68      2573.00     599.00
69      19.00     674.00
70      3911.00     1673.00
71      872.00     1559.00
72      2863.00     558.00
73      929.00     1766.00
74      839.00     620.00
75      3893.00     102.00


76      2178.00     1619.00
77      3822.00     899.00
78      378.00     1048.00
79      1178.00     100.00
80      2599.00     901.00
81      3416.00     143.00
82      2961.00     1605.00
83      611.00     1384.00
84      3113.00     885.00
85      2597.00     1830.00
86      2586.00     1286.00
87      161.00     906.00
88      1429.00     134.00
89      742.00     1025.00
90      1625.00     1651.00
91      1187.00     706.00
92      1787.00     1009.00
93      22.00     987.00
94      3640.00     43.00
95      3756.00     882.00
96      776.00     392.00
97      1724.00     1642.00
98      198.00     1810.00
99      3950.00     1558.00
100      3477.00     949.00
101      91.00     1732.00
102      3972.00     329.00
103      198.00     1632.00
104      1806.00     733.00
105      538.00     1023.00
106      3430.00     1088.00
107      2186.00     766.00
108      1513.00     1646.00
109      2143.00     1611.00
110      53.00     1657.00
111      3404.00     1307.00
112      1034.00     1344.00
113      2823.00     376.00
114      3104.00     1931.00
115      3232.00     324.00
116      2790.00     1457.00
117      374.00     9.00
118      741.00     146.00
119      3083.00     1938.00
120      3502.00     1067.00
121      1280.00     237.00
122      3326.00     1846.00
123      217.00     38.00
124      2503.00     1172.00
125      3527.00     41.00
126      739.00     1850.00
127      3548.00     1999.00
128      48.00     154.00
129      1419.00     872.00
130      1689.00     1223.00
131      3468.00     1404.00
132      1628.00     253.00
133      382.00     872.00
134      3029.00     1242.00
135      3646.00     1758.00
136      285.00     1029.00
137      1782.00     93.00
138      1067.00     371.00
139      2849.00     1214.00
140      920.00     1835.00
141      1741.00     712.00
142      876.00     220.00
143      2753.00     283.00
144      2609.00     1286.00
145      3941.00     258.00
146      3613.00     523.00
147      1754.00     559.00
148      2916.00     1724.00
149      2445.00     1820.00


1     10     143     113     115     81     125     94     84     80     146     107     
2     2     135     122     
3     9     96     117     118     123     142     128     133     138     87     
4     4     77     95     146     102     
5     9     89     91     112     129     105     83     138     133     96     
6     8     116     144     86     82     139     148     85     124     
7     10     91     138     121     129     88     132     79     147     141     142     
8     8     116     144     86     139     82     124     148     134     
9     2     83     112     
10     2     108     140     
11     5     85     148     116     82     149     
12     4     145     94     102     125     
13     6     135     131     99     111     122     127     
14     3     140     108     90     
15     10     87     93     136     133     78     105     89     128     83     103     
16     2     140     108     
17     6     136     78     93     87     105     83     
18     6     133     96     105     89     78     136     
19     7     85     149     116     148     86     144     82     
20     8     140     126     112     83     108     90     89     103     
21     10     87     93     136     133     78     105     128     89     83     103     
22     1     97     
23     3     103     110     83     
24     4     80     124     86     144     
25     2     123     128     
26     10     85     149     148     82     116     119     114     76     144     86     
27     9     92     104     141     130     129     147     107     91     97     
28     8     131     111     122     135     106     82     134     120     
29     9     120     106     100     111     95     131     77     84     134     
30     5     79     121     88     138     142     
31     5     108     90     97     140     112     
32     5     145     102     94     125     146     
33     4     82     148     134     116     
34     6     85     149     148     119     76     82     
35     9     103     98     83     126     101     110     140     78     105     
36     1     146     
37     3     103     110     101     
38     10     100     120     106     95     146     77     84     111     115     131     
39     5     143     113     107     80     115     
40     10     99     135     127     131     122     111     120     106     77     114     
41     9     121     88     79     138     132     91     142     137     147     
42     4     122     127     135     114     
43     6     113     143     115     81     84     80     
44     1     90     
45     5     122     131     135     111     114     
46     4     108     130     112     90     
47     6     99     131     77     120     95     111     
48     3     89     91     112     
49     6     113     115     143     84     81     146     
50     8     124     86     144     80     139     116     107     76     
51     8     77     95     100     120     106     146     111     102     
52     8     133     78     136     87     105     93     89     96     
53     5     143     113     107     115     137     
54     5     82     148     116     119     114     
55     1     142     
56     5     116     144     86     124     139     
57     2     107     92     
58     2     140     126     
59     6     76     109     149     97     85     90     
60     5     124     80     86     144     107     
61     1     149     
62     3     112     129     91     
63     9     143     113     80     107     115     84     137     81     147     
64     7     123     117     128     118     96     142     133     
65     9     128     123     117     118     96     133     87     142     93     
66     2     104     141     
67     5     84     80     139     113     134     
68     8     80     113     143     107     124     84     139     86     
69     7     87     93     133     136     78     128     105     
70     5     99     135     127     131     122     
71     10     112     140     83     126     89     105     108     103     78     98     
72     9     113     143     84     80     115     139     81     134     107     
73     8     140     126     112     83     108     90     98     103     
74     4     96     138     91     142     
75     9     145     102     94     125     81     146     115     95     77     

0
0.00

