1
150
75
74
37


0      1357.00     1905.00

1      2650.00     802.00
2      1774.00     107.00
3      1307.00     964.00
4      3806.00     746.00
5      2687.00     1353.00
6      43.00     1957.00
7      3092.00     1668.00
8      185.00     1542.00
9      834.00     629.00
10      40.00     462.00
11      1183.00     1391.00
12      2048.00     1628.00
13      1097.00     643.00
14      1838.00     1732.00
15      234.00     1118.00
16      3314.00     1881.00
17      737.00     1285.00
18      779.00     777.00
19      2312.00     1949.00
20      2576.00     189.00
21      3078.00     1541.00
22      2781.00     478.00
23      705.00     1812.00
24      3409.00     1917.00
25      323.00     1714.00
26      1660.00     1556.00
27      3729.00     1188.00
28      693.00     1383.00
29      2361.00     640.00
30      2433.00     1538.00
31      554.00     1825.00
32      913.00     317.00
33      3586.00     1909.00
34      2636.00     727.00
35      1000.00     457.00
36      482.00     1337.00
37      3704.00     1082.00
38      3635.00     1174.00
39      1362.00     1526.00
40      2049.00     417.00
41      2552.00     1909.00
42      3939.00     640.00
43      219.00     898.00
44      812.00     351.00
45      901.00     1552.00
46      2513.00     1572.00
47      242.00     584.00
48      826.00     1226.00
49      3278.00     799.00
50      86.00     1065.00
51      14.00     454.00
52      1327.00     1893.00
53      2773.00     1286.00
54      2469.00     1838.00
55      3835.00     963.00
56      1031.00     428.00
57      3853.00     1712.00
58      1868.00     197.00
59      1544.00     863.00
60      457.00     1607.00
61      3174.00     1064.00
62      192.00     1004.00
63      2318.00     1925.00
64      2232.00     1374.00
65      396.00     828.00
66      2365.00     1649.00
67      2499.00     658.00
68      1410.00     307.00
69      2990.00     214.00
70      3646.00     1018.00
71      3394.00     1028.00
72      1779.00     90.00
73      1058.00     372.00
74      2933.00     1459.00
75      3099.00     173.00


76      2178.00     978.00
77      138.00     1610.00
78      2082.00     1753.00
79      2302.00     1127.00
80      805.00     272.00
81      22.00     1617.00
82      3213.00     1085.00
83      99.00     536.00
84      1533.00     1780.00
85      3564.00     676.00
86      29.00     6.00
87      3808.00     1375.00
88      2221.00     291.00
89      3499.00     1885.00
90      3124.00     408.00
91      781.00     671.00
92      1027.00     1041.00
93      3249.00     378.00
94      3297.00     491.00
95      213.00     220.00
96      721.00     186.00
97      3736.00     1542.00
98      868.00     731.00
99      960.00     303.00
100      3825.00     1101.00
101      2779.00     435.00
102      201.00     693.00
103      2502.00     1274.00
104      765.00     833.00
105      3105.00     1823.00
106      1937.00     1400.00
107      3364.00     1498.00
108      3702.00     1624.00
109      2164.00     1874.00
110      3019.00     189.00
111      3098.00     1594.00
112      3239.00     1376.00
113      3359.00     1693.00
114      2081.00     1011.00
115      1398.00     1100.00
116      618.00     1953.00
117      1878.00     59.00
118      3803.00     886.00
119      397.00     1217.00
120      3035.00     152.00
121      2502.00     146.00
122      3230.00     380.00
123      3479.00     1023.00
124      958.00     1670.00
125      3423.00     1241.00
126      78.00     1066.00
127      96.00     691.00
128      3431.00     78.00
129      2053.00     1461.00
130      3048.00     1.00
131      571.00     1711.00
132      3393.00     782.00
133      2835.00     1472.00
134      144.00     1185.00
135      923.00     108.00
136      989.00     1997.00
137      3061.00     1211.00
138      2977.00     39.00
139      1668.00     658.00
140      878.00     715.00
141      678.00     1599.00
142      1086.00     868.00
143      640.00     110.00
144      3551.00     1673.00
145      106.00     1267.00
146      2243.00     1332.00
147      3796.00     1401.00
148      2643.00     1320.00
149      48.00     267.00


1     10     101     79     103     76     148     137     114     90     82     88     
2     2     117     88     
3     2     115     142     
4     9     118     85     100     132     123     94     125     87     147     
5     7     148     133     103     137     146     79     111     
6     4     81     77     116     131     
7     6     111     105     113     107     133     112     
8     1     77     
9     10     91     140     98     104     142     99     80     92     96     135     
10     2     83     149     
11     1     124     
12     9     78     129     106     109     146     84     79     103     114     
13     3     142     140     98     
14     3     78     84     129     
15     7     134     126     119     145     102     127     77     
16     9     89     113     105     144     111     107     108     112     97     
17     10     141     119     92     124     104     131     142     98     140     134     
18     8     104     98     91     140     142     92     80     99     
19     8     109     78     129     146     106     103     133     148     
20     9     121     101     88     138     110     120     130     90     122     
21     10     111     112     133     105     107     113     137     125     82     148     
22     4     101     90     110     120     
23     1     116     
24     6     89     113     144     105     108     107     
25     7     77     131     81     141     116     145     119     
26     4     84     106     129     78     
27     10     100     87     147     123     125     118     97     108     107     144     
28     8     141     119     131     124     92     104     116     134     
29     8     88     76     114     101     79     121     103     139     
30     5     103     146     148     129     133     
31     4     131     116     141     124     
32     6     99     80     135     96     143     91     
33     9     89     144     108     113     97     107     105     147     87     
34     4     101     79     76     103     
35     4     99     80     140     98     
36     4     119     141     134     145     
37     7     100     118     123     87     125     147     85     
38     2     100     123     
39     1     84     
40     5     88     117     139     121     76     
41     8     109     78     133     105     148     111     103     146     
42     5     118     85     100     132     123     
43     3     102     126     127     
44     8     80     99     96     135     143     91     140     98     
45     2     124     141     
46     6     148     103     133     146     109     78     
47     8     102     83     127     95     149     126     91     104     
48     3     92     104     141     
49     3     132     82     123     
50     8     126     134     145     119     127     102     83     77     
51     1     83     
52     4     84     136     124     116     
53     7     148     133     103     137     111     112     82     
54     1     109     
55     10     118     100     123     85     87     147     132     125     97     82     
56     9     99     80     140     135     98     91     96     142     104     
57     10     108     97     144     147     87     89     113     107     100     125     
58     7     117     88     139     121     76     114     99     
59     5     139     115     142     92     114     
60     1     131     
61     3     82     137     125     
62     10     126     134     145     119     102     127     83     104     77     81     
63     1     109     
64     4     146     129     79     103     
65     3     102     127     104     
66     3     78     109     146     
67     5     101     76     88     79     121     
68     8     139     99     135     117     80     142     140     98     
69     8     110     120     138     130     90     122     101     93     
70     5     123     100     118     125     132     
71     6     123     82     125     132     137     112     
72     4     117     88     139     121     
73     2     99     80     
74     4     133     111     137     112     
75     4     120     110     130     138     

2
0.03

86
128
