1
100
30
69
34


0      3140.00     1401.00

1      556.00     1056.00
2      3675.00     1522.00
3      1182.00     1853.00
4      3595.00     111.00
5      962.00     1895.00
6      2030.00     1186.00
7      3507.00     1851.00
8      2642.00     1269.00
9      3438.00     901.00
10      3858.00     1472.00
11      2937.00     1568.00
12      376.00     1018.00
13      839.00     1355.00
14      706.00     1925.00
15      749.00     920.00
16      298.00     615.00
17      694.00     552.00
18      387.00     190.00
19      2801.00     695.00
20      3133.00     1143.00
21      1517.00     266.00
22      1538.00     224.00
23      844.00     520.00
24      2639.00     1239.00
25      3123.00     217.00
26      2489.00     1520.00
27      3834.00     1827.00
28      3417.00     1808.00
29      2938.00     543.00
30      71.00     1323.00


31      3245.00     1828.00
32      731.00     1741.00
33      2312.00     1270.00
34      2426.00     1851.00
35      380.00     478.00
36      2310.00     635.00
37      2830.00     775.00
38      3829.00     513.00
39      3684.00     445.00
40      171.00     514.00
41      627.00     1261.00
42      1490.00     1123.00
43      61.00     81.00
44      422.00     542.00
45      2698.00     1221.00
46      2372.00     127.00
47      177.00     1390.00
48      3084.00     748.00
49      1213.00     910.00
50      3.00     1817.00
51      1782.00     995.00
52      3896.00     742.00
53      1829.00     812.00
54      1286.00     550.00
55      3017.00     108.00
56      2132.00     1432.00
57      2000.00     1110.00
58      3317.00     1966.00
59      1729.00     1498.00
60      2408.00     1747.00
61      3292.00     152.00
62      193.00     1210.00
63      782.00     1462.00
64      2503.00     352.00
65      1697.00     1924.00
66      3821.00     147.00
67      3370.00     791.00
68      3162.00     367.00
69      3938.00     516.00
70      2741.00     1583.00
71      2330.00     741.00
72      3918.00     1088.00
73      1794.00     1589.00
74      2929.00     485.00
75      3453.00     1998.00
76      896.00     705.00
77      399.00     850.00
78      2614.00     195.00
79      2800.00     653.00
80      2630.00     20.00
81      563.00     1513.00
82      1090.00     1652.00
83      2009.00     1163.00
84      3876.00     1165.00
85      3084.00     774.00
86      1526.00     1612.00
87      1612.00     328.00
88      1423.00     1322.00
89      3058.00     1276.00
90      3782.00     1865.00
91      347.00     252.00
92      3904.00     1444.00
93      2191.00     1579.00
94      3220.00     1454.00
95      468.00     319.00
96      3611.00     1968.00
97      3114.00     1629.00
98      3515.00     1892.00
99      3060.00     155.00


1     7     41     77     62     81     63     76     47     
2     1     92     
3     8     82     86     32     65     63     88     59     73     
4     3     66     61     39     
5     8     82     32     63     81     86     41     88     65     
6     3     83     57     56     
7     7     98     96     75     58     31     90     97     
8     5     45     70     33     89     37     
9     8     67     85     48     52     84     72     39     89     
10     2     92     84     
11     4     97     70     94     89     
12     3     77     62     41     
13     2     63     41     
14     7     32     81     63     82     41     50     47     
15     4     76     77     41     49     
16     9     44     35     40     77     95     91     43     62     76     
17     4     76     44     35     95     
18     3     91     95     35     
19     9     79     37     74     48     85     64     71     68     36     
20     7     89     94     85     48     67     45     37     
21     1     87     
22     2     87     54     
23     3     76     44     95     
24     7     45     33     70     89     37     56     60     
25     1     99     
26     6     60     70     93     33     34     45     
27     5     90     96     98     92     75     
28     7     98     31     58     75     96     97     90     
29     8     74     79     48     37     85     68     99     55     
30     10     47     62     50     81     41     77     63     32     40     44     

8
0.12

38
42
46
51
53
69
78
80
