1
51
30
20
15


0      37.00     52.00

1      49.00     49.00
2      52.00     64.00
3      20.00     26.00
4      40.00     30.00
5      21.00     47.00
6      17.00     63.00
7      31.00     62.00
8      52.00     33.00
9      51.00     21.00
10      42.00     41.00
11      31.00     32.00
12      5.00     25.00
13      12.00     42.00
14      36.00     16.00
15      52.00     41.00
16      27.00     23.00
17      17.00     33.00
18      13.00     13.00
19      57.00     58.00
20      62.00     42.00
21      42.00     57.00
22      16.00     57.00
23      8.00     52.00
24      7.00     38.00
25      27.00     68.00
26      30.00     48.00
27      43.00     67.00
28      58.00     48.00
29      58.00     27.00
30      37.00     69.00


31      38.00     46.00
32      46.00     10.00
33      61.00     33.00
34      62.00     63.00
35      63.00     69.00
36      32.00     22.00
37      45.00     35.00
38      59.00     15.00
39      5.00     6.00
40      10.00     17.00
41      21.00     10.00
42      5.00     64.00
43      30.00     15.00
44      39.00     10.00
45      32.00     39.00
46      25.00     32.00
47      25.00     55.00
48      48.00     28.00
49      56.00     37.00
50      30.00     40.00


1     7     31     49     37     34     45     33     50     
2     6     34     35     31     49     47     37     
3     1     46     
4     3     37     48     36     
5     9     47     50     45     46     31     42     37     36     40     
6     7     47     42     50     31     45     46     37     
7     1     47     
8     3     49     48     37     
9     5     48     38     32     37     33     
10     9     31     37     45     50     48     49     46     33     36     
11     7     46     45     50     36     37     31     43     
12     6     40     39     46     41     43     36     
13     1     46     
14     10     43     44     36     32     41     48     46     37     38     45     
15     1     49     
16     1     36     
17     7     46     50     45     40     36     43     41     
18     2     40     41     
19     4     34     35     49     31     
20     9     49     33     37     48     34     31     35     38     45     
21     10     31     47     45     50     34     37     35     49     48     46     
22     4     47     42     50     45     
23     5     42     47     50     46     45     
24     5     46     40     50     47     45     
25     7     47     42     31     50     45     34     35     
26     1     50     
27     7     34     35     31     47     50     45     37     
28     7     49     33     34     37     31     35     48     
29     2     33     48     
30     9     47     31     34     35     50     45     42     37     49     

0
0.00

