1
51
15
35
17


0      37.00     52.00

1      49.00     49.00
2      52.00     64.00
3      20.00     26.00
4      40.00     30.00
5      21.00     47.00
6      17.00     63.00
7      31.00     62.00
8      52.00     33.00
9      51.00     21.00
10      42.00     41.00
11      31.00     32.00
12      5.00     25.00
13      12.00     42.00
14      36.00     16.00
15      52.00     41.00


16      27.00     23.00
17      17.00     33.00
18      13.00     13.00
19      57.00     58.00
20      62.00     42.00
21      42.00     57.00
22      16.00     57.00
23      8.00     52.00
24      7.00     38.00
25      27.00     68.00
26      30.00     48.00
27      43.00     67.00
28      58.00     48.00
29      58.00     27.00
30      37.00     69.00
31      38.00     46.00
32      46.00     10.00
33      61.00     33.00
34      62.00     63.00
35      63.00     69.00
36      32.00     22.00
37      45.00     35.00
38      59.00     15.00
39      5.00     6.00
40      10.00     17.00
41      21.00     10.00
42      5.00     64.00
43      30.00     15.00
44      39.00     10.00
45      32.00     39.00
46      25.00     32.00
47      25.00     55.00
48      48.00     28.00
49      56.00     37.00
50      30.00     40.00


1     2     28     21     
2     8     19     27     34     35     21     30     28     31     
3     5     17     16     46     36     40     
4     1     37     
5     10     47     26     22     50     45     23     17     46     24     31     
6     5     22     25     47     42     23     
7     9     25     47     30     21     27     26     22     31     50     
8     9     49     48     37     29     33     20     28     31     38     
9     3     48     29     38     
10     5     31     37     45     50     26     
11     6     46     45     50     16     36     17     
12     6     40     24     18     17     39     46     
13     2     24     17     
14     8     43     44     36     16     32     41     48     46     
15     2     49     37     

0
0.00

