1
51
25
25
18


0      37.00     52.00

1      49.00     49.00
2      52.00     64.00
3      20.00     26.00
4      40.00     30.00
5      21.00     47.00
6      17.00     63.00
7      31.00     62.00
8      52.00     33.00
9      51.00     21.00
10      42.00     41.00
11      31.00     32.00
12      5.00     25.00
13      12.00     42.00
14      36.00     16.00
15      52.00     41.00
16      27.00     23.00
17      17.00     33.00
18      13.00     13.00
19      57.00     58.00
20      62.00     42.00
21      42.00     57.00
22      16.00     57.00
23      8.00     52.00
24      7.00     38.00
25      27.00     68.00


26      30.00     48.00
27      43.00     67.00
28      58.00     48.00
29      58.00     27.00
30      37.00     69.00
31      38.00     46.00
32      46.00     10.00
33      61.00     33.00
34      62.00     63.00
35      63.00     69.00
36      32.00     22.00
37      45.00     35.00
38      59.00     15.00
39      5.00     6.00
40      10.00     17.00
41      21.00     10.00
42      5.00     64.00
43      30.00     15.00
44      39.00     10.00
45      32.00     39.00
46      25.00     32.00
47      25.00     55.00
48      48.00     28.00
49      56.00     37.00
50      30.00     40.00


1     3     28     31     49     
2     8     27     34     35     30     28     31     26     49     
3     10     46     36     40     43     41     50     45     26     44     39     
4     6     37     48     36     45     50     46     
5     5     47     26     50     45     46     
6     4     47     42     26     30     
7     2     47     30     
8     3     49     48     37     
9     4     48     29     38     32     
10     4     31     37     45     50     
11     5     46     45     50     36     37     
12     2     40     39     
13     2     46     50     
14     4     43     44     36     32     
15     9     49     37     28     33     48     31     29     45     50     
16     8     36     43     46     41     45     50     44     40     
17     5     46     50     45     40     36     
18     3     40     41     39     
19     8     34     28     35     27     49     31     30     33     
20     8     28     49     33     29     37     48     34     31     
21     10     27     31     30     26     47     28     45     50     34     37     
22     4     47     42     26     50     
23     2     42     47     
24     10     46     40     50     47     45     26     42     36     41     31     
25     9     30     47     27     26     42     31     50     45     34     

0
0.00

