1
51
35
15
11


0      37.00     52.00

1      49.00     49.00
2      52.00     64.00
3      20.00     26.00
4      40.00     30.00
5      21.00     47.00
6      17.00     63.00
7      31.00     62.00
8      52.00     33.00
9      51.00     21.00
10      42.00     41.00
11      31.00     32.00
12      5.00     25.00
13      12.00     42.00
14      36.00     16.00
15      52.00     41.00
16      27.00     23.00
17      17.00     33.00
18      13.00     13.00
19      57.00     58.00
20      62.00     42.00
21      42.00     57.00
22      16.00     57.00
23      8.00     52.00
24      7.00     38.00
25      27.00     68.00
26      30.00     48.00
27      43.00     67.00
28      58.00     48.00
29      58.00     27.00
30      37.00     69.00
31      38.00     46.00
32      46.00     10.00
33      61.00     33.00
34      62.00     63.00
35      63.00     69.00


36      32.00     22.00
37      45.00     35.00
38      59.00     15.00
39      5.00     6.00
40      10.00     17.00
41      21.00     10.00
42      5.00     64.00
43      30.00     15.00
44      39.00     10.00
45      32.00     39.00
46      25.00     32.00
47      25.00     55.00
48      48.00     28.00
49      56.00     37.00
50      30.00     40.00


1     5     49     37     45     50     48     
2     10     49     47     37     45     50     48     46     36     42     38     
3     7     46     36     40     43     41     50     45     
4     4     37     48     36     45     
5     8     47     50     45     46     42     37     36     40     
6     9     47     42     50     45     46     37     36     40     48     
7     9     47     50     45     42     37     46     49     48     36     
8     3     49     48     37     
9     10     48     38     37     44     49     36     43     45     46     50     
10     2     37     45     
11     4     46     45     50     36     
12     6     40     39     46     41     43     36     
13     10     46     50     47     45     42     40     36     43     41     37     
14     9     43     44     36     41     48     46     37     38     45     
15     5     49     37     48     45     50     
16     1     36     
17     8     46     50     45     40     36     43     41     47     
18     7     40     41     39     43     36     46     44     
19     4     49     37     48     45     
20     7     49     37     48     38     45     50     36     
21     2     47     45     
22     6     47     42     50     45     46     37     
23     5     42     47     50     46     45     
24     3     46     40     50     
25     1     47     
26     10     50     47     45     46     37     36     48     49     42     43     
27     8     47     50     45     37     49     42     48     46     
28     4     49     37     48     45     
29     8     48     49     38     37     44     36     45     43     
30     3     47     50     45     
31     7     45     50     37     47     46     49     48     
32     1     44     
33     2     49     48     
34     7     49     37     48     47     45     50     38     
35     6     49     37     47     45     48     50     

0
0.00

