-1
51
20
30
30


0      37.00     52.00

1      49.00     49.00
2      52.00     64.00
3      20.00     26.00
4      40.00     30.00
5      21.00     47.00
6      17.00     63.00
7      31.00     62.00
8      52.00     33.00
9      51.00     21.00
10      42.00     41.00
11      31.00     32.00
12      5.00     25.00
13      12.00     42.00
14      36.00     16.00
15      52.00     41.00
16      27.00     23.00
17      17.00     33.00
18      13.00     13.00
19      57.00     58.00
20      62.00     42.00


21      42.00     57.00
22      16.00     57.00
23      8.00     52.00
24      7.00     38.00
25      27.00     68.00
26      30.00     48.00
27      43.00     67.00
28      58.00     48.00
29      58.00     27.00
30      37.00     69.00
31      38.00     46.00
32      46.00     10.00
33      61.00     33.00
34      62.00     63.00
35      63.00     69.00
36      32.00     22.00
37      45.00     35.00
38      59.00     15.00
39      5.00     6.00
40      10.00     17.00
41      21.00     10.00
42      5.00     64.00
43      30.00     15.00
44      39.00     10.00
45      32.00     39.00
46      25.00     32.00
47      25.00     55.00
48      48.00     28.00
49      56.00     37.00
50      30.00     40.00


1     2     28     21     
2     6     27     34     35     21     30     28     
3     3     46     36     40     
4     8     37     48     36     45     50     46     31     49     
5     7     47     26     22     50     45     23     46     
6     2     22     25     
7     5     25     47     30     21     27     
8     3     49     48     37     
9     4     48     29     38     32     
10     3     31     37     45     
11     3     46     45     50     
12     2     40     24     
13     7     24     23     22     46     50     47     26     
14     9     43     44     36     32     41     48     46     37     38     
15     6     49     37     28     33     48     31     
16     8     36     43     46     41     45     50     44     40     
17     7     46     24     50     45     40     36     26     
18     2     40     41     
19     9     34     28     35     21     27     49     31     30     33     
20     10     28     49     33     29     37     48     34     31     21     35     

2
0.07

39
42
