1
52
26
25
12


0      565.00     575.00

1      25.00     185.00
2      345.00     750.00
3      945.00     685.00
4      845.00     655.00
5      880.00     660.00
6      25.00     230.00
7      525.00     1000.00
8      580.00     1175.00
9      650.00     1130.00
10      1605.00     620.00
11      1220.00     580.00
12      1465.00     200.00
13      1530.00     5.00
14      845.00     680.00
15      725.00     370.00
16      145.00     665.00
17      415.00     635.00
18      510.00     875.00
19      560.00     365.00
20      300.00     465.00
21      520.00     585.00
22      480.00     415.00
23      835.00     625.00
24      975.00     580.00
25      1215.00     245.00
26      1320.00     315.00


27      1250.00     400.00
28      660.00     180.00
29      410.00     250.00
30      420.00     555.00
31      575.00     665.00
32      1150.00     1160.00
33      700.00     580.00
34      685.00     595.00
35      685.00     610.00
36      770.00     610.00
37      795.00     645.00
38      720.00     635.00
39      760.00     650.00
40      475.00     960.00
41      95.00     260.00
42      875.00     920.00
43      700.00     500.00
44      555.00     815.00
45      830.00     485.00
46      1170.00     65.00
47      830.00     610.00
48      605.00     625.00
49      595.00     360.00
50      1340.00     725.00
51      1740.00     245.00


1     8     41     29     30     49     28     48     31     43     
2     8     30     44     31     40     48     35     34     38     
3     3     47     37     39     
4     3     47     37     39     
5     10     47     37     39     36     38     45     33     35     34     43     
6     5     41     29     30     49     28     
7     2     40     44     
8     10     40     44     42     31     48     39     38     32     37     35     
9     7     40     42     44     31     39     38     32     
10     10     50     51     27     46     32     47     45     42     37     36     
11     9     27     50     47     45     37     36     39     42     38     
12     3     51     27     46     
13     6     51     46     27     50     45     28     
14     6     37     47     39     36     38     35     
15     5     49     43     45     28     33     
16     10     30     41     31     44     40     48     29     35     49     34     
17     2     30     31     
18     3     44     40     31     
19     6     49     29     43     28     30     33     
20     1     30     
21     9     48     31     30     34     35     33     43     38     44     
22     4     49     30     29     43     
23     10     47     37     36     39     38     45     33     35     34     43     
24     4     47     45     37     36     
25     10     27     46     45     50     51     47     28     43     36     37     
26     7     27     46     50     51     45     47     37     

0
0.00

