1
76
30
45
22


0      22.00     22.00

1      36.00     26.00
2      21.00     45.00
3      45.00     35.00
4      55.00     20.00
5      33.00     34.00
6      50.00     50.00
7      55.00     45.00
8      26.00     59.00
9      40.00     66.00
10      55.00     65.00
11      35.00     51.00
12      62.00     35.00
13      62.00     57.00
14      62.00     24.00
15      21.00     36.00
16      33.00     44.00
17      9.00     56.00
18      62.00     48.00
19      66.00     14.00
20      44.00     13.00
21      26.00     13.00
22      11.00     28.00
23      7.00     43.00
24      17.00     64.00
25      41.00     46.00
26      55.00     34.00
27      35.00     16.00
28      52.00     26.00
29      43.00     26.00
30      31.00     76.00


31      22.00     53.00
32      26.00     29.00
33      50.00     40.00
34      55.00     50.00
35      54.00     10.00
36      60.00     15.00
37      47.00     66.00
38      30.00     60.00
39      30.00     50.00
40      12.00     17.00
41      15.00     14.00
42      16.00     19.00
43      21.00     48.00
44      50.00     30.00
45      51.00     42.00
46      50.00     15.00
47      48.00     21.00
48      12.00     38.00
49      15.00     56.00
50      29.00     39.00
51      54.00     38.00
52      55.00     57.00
53      67.00     41.00
54      10.00     70.00
55      6.00     25.00
56      65.00     27.00
57      40.00     60.00
58      70.00     64.00
59      64.00     4.00
60      36.00     6.00
61      30.00     20.00
62      20.00     30.00
63      15.00     5.00
64      50.00     70.00
65      57.00     72.00
66      45.00     42.00
67      38.00     33.00
68      50.00     4.00
69      66.00     8.00
70      59.00     5.00
71      35.00     60.00
72      27.00     24.00
73      40.00     20.00
74      40.00     37.00
75      40.00     40.00


1     4     73     67     61     72     
2     8     43     31     50     39     48     49     62     32     
3     3     74     66     75     
4     10     47     46     36     35     44     56     73     70     69     68     
5     8     67     50     74     32     75     72     62     61     
6     6     34     45     52     66     33     51     
7     4     45     34     51     33     
8     5     38     31     71     39     49     
9     4     57     37     71     64     
10     3     64     65     52     
11     2     39     71     
12     2     53     56     
13     4     52     34     58     65     
14     3     56     36     44     
15     6     62     50     32     48     43     72     
16     4     50     39     75     74     
17     6     49     31     54     43     48     38     
18     2     34     53     
19     3     69     36     59     
20     3     46     73     47     
21     3     61     72     41     
22     7     55     62     48     42     40     41     32     
23     5     48     43     49     55     31     
24     1     49     
25     8     66     75     74     45     33     39     67     50     
26     1     51     
27     4     73     61     60     72     
28     5     44     47     46     51     56     
29     1     73     
30     1     38     

1
0.02

63
