1
76
38
37
18


0      22.00     22.00

1      36.00     26.00
2      21.00     45.00
3      45.00     35.00
4      55.00     20.00
5      33.00     34.00
6      50.00     50.00
7      55.00     45.00
8      26.00     59.00
9      40.00     66.00
10      55.00     65.00
11      35.00     51.00
12      62.00     35.00
13      62.00     57.00
14      62.00     24.00
15      21.00     36.00
16      33.00     44.00
17      9.00     56.00
18      62.00     48.00
19      66.00     14.00
20      44.00     13.00
21      26.00     13.00
22      11.00     28.00
23      7.00     43.00
24      17.00     64.00
25      41.00     46.00
26      55.00     34.00
27      35.00     16.00
28      52.00     26.00
29      43.00     26.00
30      31.00     76.00
31      22.00     53.00
32      26.00     29.00
33      50.00     40.00
34      55.00     50.00
35      54.00     10.00
36      60.00     15.00
37      47.00     66.00
38      30.00     60.00


39      30.00     50.00
40      12.00     17.00
41      15.00     14.00
42      16.00     19.00
43      21.00     48.00
44      50.00     30.00
45      51.00     42.00
46      50.00     15.00
47      48.00     21.00
48      12.00     38.00
49      15.00     56.00
50      29.00     39.00
51      54.00     38.00
52      55.00     57.00
53      67.00     41.00
54      10.00     70.00
55      6.00     25.00
56      65.00     27.00
57      40.00     60.00
58      70.00     64.00
59      64.00     4.00
60      36.00     6.00
61      30.00     20.00
62      20.00     30.00
63      15.00     5.00
64      50.00     70.00
65      57.00     72.00
66      45.00     42.00
67      38.00     33.00
68      50.00     4.00
69      66.00     8.00
70      59.00     5.00
71      35.00     60.00
72      27.00     24.00
73      40.00     20.00
74      40.00     37.00
75      40.00     40.00


1     6     73     67     61     72     74     47     
2     4     43     50     39     48     
3     2     74     66     
4     1     47     
5     7     67     50     74     75     72     62     61     
6     8     45     52     66     51     75     57     74     71     
7     6     45     51     66     52     53     75     
8     1     71     
9     1     57     
10     5     64     65     52     58     57     
11     6     39     71     57     75     50     66     
12     5     53     56     51     44     45     
13     10     52     58     65     53     64     45     51     57     66     71     
14     6     56     44     47     46     51     69     
15     7     62     50     48     43     72     39     67     
16     5     50     39     75     74     67     
17     9     49     54     43     48     39     50     71     62     55     
18     3     53     52     45     
19     2     69     59     
20     7     46     73     47     60     68     61     70     
21     9     61     72     41     42     60     63     40     73     62     
22     4     55     62     48     42     
23     2     48     43     
24     5     49     54     43     71     39     
25     9     66     75     74     45     39     67     50     57     71     
26     5     51     44     45     56     66     
27     10     73     61     60     72     47     46     67     68     42     41     
28     3     44     47     46     
29     1     73     
30     8     71     57     64     54     49     39     65     43     
31     1     43     
32     7     72     62     61     50     67     42     74     
33     1     45     
34     8     52     45     51     66     53     75     57     74     
35     1     46     
36     6     69     46     70     59     56     47     
37     7     64     57     65     52     71     58     39     
38     8     71     57     39     43     49     50     75     64     

0
0.00

