1
76
38
37
18


0      3600.00     2300.00

1      3100.00     3300.00
2      4700.00     5750.00
3      5400.00     5750.00
4      5608.00     7103.00
5      4493.00     7102.00
6      3600.00     6950.00
7      3100.00     7250.00
8      4700.00     8450.00
9      5400.00     8450.00
10      5610.00     10053.00
11      4492.00     10052.00
12      3600.00     10800.00
13      3100.00     10950.00
14      4700.00     11650.00
15      5400.00     11650.00
16      6650.00     10800.00
17      7300.00     10950.00
18      7300.00     7250.00
19      6650.00     6950.00
20      7300.00     3300.00
21      6650.00     2300.00
22      5400.00     1600.00
23      8350.00     2300.00
24      7850.00     3300.00
25      9450.00     5750.00
26      10150.00     5750.00
27      10358.00     7103.00
28      9243.00     7102.00
29      8350.00     6950.00
30      7850.00     7250.00
31      9450.00     8450.00
32      10150.00     8450.00
33      10360.00     10053.00
34      9242.00     10052.00
35      8350.00     10800.00
36      7850.00     10950.00
37      9450.00     11650.00
38      10150.00     11650.00


39      11400.00     10800.00
40      12050.00     10950.00
41      12050.00     7250.00
42      11400.00     6950.00
43      12050.00     3300.00
44      11400.00     2300.00
45      10150.00     1600.00
46      13100.00     2300.00
47      12600.00     3300.00
48      14200.00     5750.00
49      14900.00     5750.00
50      15108.00     7103.00
51      13993.00     7102.00
52      13100.00     6950.00
53      12600.00     7250.00
54      14200.00     8450.00
55      14900.00     8450.00
56      15110.00     10053.00
57      13992.00     10052.00
58      13100.00     10800.00
59      12600.00     10950.00
60      14200.00     11650.00
61      14900.00     11650.00
62      16150.00     10800.00
63      16800.00     10950.00
64      16800.00     7250.00
65      16150.00     6950.00
66      16800.00     3300.00
67      16150.00     2300.00
68      14900.00     1600.00
69      19800.00     800.00
70      19800.00     10000.00
71      19800.00     11900.00
72      19800.00     12200.00
73      200.00     12200.00
74      200.00     1100.00
75      200.00     800.00


1     1     74     
2     4     74     75     42     45     
3     2     42     45     
4     6     42     41     39     53     45     73     
5     6     73     42     74     41     75     39     
6     3     73     74     75     
7     3     73     74     75     
8     2     73     42     
9     8     42     73     39     41     40     53     59     52     
10     5     73     39     40     42     41     
11     9     73     39     42     40     41     59     53     58     52     
12     3     73     39     40     
13     4     73     39     40     42     
14     7     73     39     40     59     42     58     41     
15     4     73     39     40     59     
16     1     39     
17     4     39     40     59     42     
18     6     42     41     53     39     52     40     
19     3     42     41     53     
20     9     45     44     43     47     42     46     41     53     52     
21     1     45     
22     8     45     74     75     44     43     47     46     42     
23     3     45     44     43     
24     3     45     44     43     
25     6     42     41     53     43     52     44     
26     10     42     41     53     43     52     47     44     48     51     45     
27     2     42     41     
28     1     42     
29     9     42     41     53     52     39     43     40     44     47     
30     6     42     41     53     39     52     40     
31     1     42     
32     8     42     41     39     53     40     52     59     58     
33     10     39     40     59     58     42     41     53     57     52     60     
34     1     39     
35     6     39     40     59     58     42     41     
36     4     39     40     59     58     
37     5     39     40     59     58     60     
38     2     39     40     

17
0.46

49
50
54
55
56
61
62
63
64
65
66
67
68
69
70
71
72
