1
100
50
49
24


0      3140.00     1401.00

1      556.00     1056.00
2      3675.00     1522.00
3      1182.00     1853.00
4      3595.00     111.00
5      962.00     1895.00
6      2030.00     1186.00
7      3507.00     1851.00
8      2642.00     1269.00
9      3438.00     901.00
10      3858.00     1472.00
11      2937.00     1568.00
12      376.00     1018.00
13      839.00     1355.00
14      706.00     1925.00
15      749.00     920.00
16      298.00     615.00
17      694.00     552.00
18      387.00     190.00
19      2801.00     695.00
20      3133.00     1143.00
21      1517.00     266.00
22      1538.00     224.00
23      844.00     520.00
24      2639.00     1239.00
25      3123.00     217.00
26      2489.00     1520.00
27      3834.00     1827.00
28      3417.00     1808.00
29      2938.00     543.00
30      71.00     1323.00
31      3245.00     1828.00
32      731.00     1741.00
33      2312.00     1270.00
34      2426.00     1851.00
35      380.00     478.00
36      2310.00     635.00
37      2830.00     775.00
38      3829.00     513.00
39      3684.00     445.00
40      171.00     514.00
41      627.00     1261.00
42      1490.00     1123.00
43      61.00     81.00
44      422.00     542.00
45      2698.00     1221.00
46      2372.00     127.00
47      177.00     1390.00
48      3084.00     748.00
49      1213.00     910.00
50      3.00     1817.00


51      1782.00     995.00
52      3896.00     742.00
53      1829.00     812.00
54      1286.00     550.00
55      3017.00     108.00
56      2132.00     1432.00
57      2000.00     1110.00
58      3317.00     1966.00
59      1729.00     1498.00
60      2408.00     1747.00
61      3292.00     152.00
62      193.00     1210.00
63      782.00     1462.00
64      2503.00     352.00
65      1697.00     1924.00
66      3821.00     147.00
67      3370.00     791.00
68      3162.00     367.00
69      3938.00     516.00
70      2741.00     1583.00
71      2330.00     741.00
72      3918.00     1088.00
73      1794.00     1589.00
74      2929.00     485.00
75      3453.00     1998.00
76      896.00     705.00
77      399.00     850.00
78      2614.00     195.00
79      2800.00     653.00
80      2630.00     20.00
81      563.00     1513.00
82      1090.00     1652.00
83      2009.00     1163.00
84      3876.00     1165.00
85      3084.00     774.00
86      1526.00     1612.00
87      1612.00     328.00
88      1423.00     1322.00
89      3058.00     1276.00
90      3782.00     1865.00
91      347.00     252.00
92      3904.00     1444.00
93      2191.00     1579.00
94      3220.00     1454.00
95      468.00     319.00
96      3611.00     1968.00
97      3114.00     1629.00
98      3515.00     1892.00
99      3060.00     155.00


1     3     77     62     81     
2     1     92     
3     2     82     86     
4     3     66     61     68     
5     8     82     63     81     86     88     65     59     73     
6     8     83     57     56     51     53     93     59     73     
7     1     98     
8     3     70     89     60     
9     5     67     85     52     84     72     
10     2     92     84     
11     1     97     
12     4     77     62     81     63     
13     8     63     81     82     88     76     62     77     86     
14     4     81     63     82     86     
15     10     76     77     63     81     62     54     95     91     88     82     
16     6     77     95     91     62     76     81     
17     10     76     95     77     91     54     62     63     87     81     88     
18     8     91     95     77     76     54     62     87     63     
19     3     79     74     85     
20     1     89     
21     3     87     54     53     
22     9     87     54     53     76     51     71     64     57     83     
23     7     76     95     54     77     91     87     63     
24     8     70     89     56     60     93     71     79     97     
25     1     99     
26     9     60     70     93     56     83     89     97     57     73     
27     2     90     96     
28     9     98     58     75     96     97     90     94     92     89     
29     4     74     79     85     68     
30     1     62     
31     4     58     97     75     98     
32     7     81     63     82     62     86     88     77     
33     3     56     83     93     
34     1     60     
35     3     95     91     77     
36     9     71     64     79     53     78     57     83     74     51     
37     5     79     85     74     71     68     
38     2     69     52     
39     9     69     66     52     67     61     68     72     85     99     
40     4     91     95     77     62     
41     8     63     81     62     77     82     76     88     95     
42     6     88     51     59     53     86     57     
43     9     91     95     77     76     62     54     81     63     87     
44     2     95     91     
45     8     89     70     94     79     97     85     60     56     
46     1     78     
47     5     62     81     77     63     82     
48     9     85     67     79     74     68     89     99     61     55     
49     9     54     76     88     51     53     63     87     82     86     
50     2     62     81     

1
0.02

80
