1
535
161
373
186


0      36.49     7.49

1      57.06     9.51
2      30.22     48.14
3      5.15     -3.56
4      34.59     -106.37
5      57.12     -2.12
6      16.45     -99.45
7      5.36     -0.10
8      28.56     -13.36
9      8.59     38.48
10      12.50     45.02
11      -34.48     138.38
12      30.23     -9.33
13      56.18     12.51
14      36.40     -4.30
15      40.38     8.17
16      35.11     -3.50
17      41.55     8.48
18      -37.01     174.47
19      38.17     -0.34
20      36.42     3.13
21      36.11     37.14
22      35.14     -101.42
23      31.58     35.59
24      52.18     4.46
25      61.10     -149.59
26      39.57     32.41
27      51.11     4.28
28      17.08     -61.47
29      43.37     13.22
30      29.38     35.01
31      59.39     17.55
32      15.18     38.55
33      -25.14     -57.31
34      23.58     32.47
35      37.54     23.44
36      33.46     -84.31
37      12.30     -70.01
38      24.26     54.28
39      36.55     30.48
40      26.16     50.38
41      40.29     50.01
42      39.11     -76.40
43      10.48     -74.52
44      -16.11     -52.30
45      10.25     45.01
46      41.18     2.05
47      32.22     -64.42
48      41.56     -72.41
49      40.39     17.57
50      44.49     20.19
51      9.21     34.31
52      32.06     20.16
53      52.29     13.24
54      48.27     -4.25
55      -19.48     3.45
56      33.49     35.29
57      54.39     -6.14
58      35.48     -101.22
59      4.24     18.31
60      13.04     -59.30
61      60.17     5.13
62      44.48     -68.50
63      33.14     44.14
64      45.40     9.24
65      33.34     -86.45
66      52.27     -1.45
67      42.33     9.29
68      45.48     -108.37
69      43.28     -1.32
70      13.21     -16.40
71      -3.19     29.19
72      13.55     100.36
73      12.38     -8.02
74      55.44     9.09
75      44.32     11.18
76      12.57     77.40
77      -15.41     34.58
78      27.13     56.22
79      -27.25     153.05
80      44.50     -0.43
81      4.42     -74.09
82      50.47     -1.51
83      19.05     72.52
84      67.16     14.22
85      42.22     -71.00
86      53.03     8.48
87      41.08     16.47
88      46.55     7.30
89      51.31     -2.35
90      50.54     4.29
91      -15.52     -47.55
92      47.35     7.32
93      48.10     16.13
94      47.27     19.15
95      -34.49     -58.32
96      42.55     -78.38
97      44.30     26.06
98      49.27     2.07
99      -4.15     15.15
100      39.15     9.04
101      30.08     31.24
102      23.11     113.16
103      33.33     -7.40
104      -11.54     22.45
105      4.49     -52.22
106      52.13     0.11
107      -35.19     149.12
108      10.36     -66.59
109      22.39     88.27
110      52.50     -1.19
111      49.01     2.33
112      43.33     6.57
113      45.40     -0.19
114      39.37     19.55
115      50.52     7.09
116      41.59     -87.54
117      41.48     12.36
118      9.34     -13.37
119      41.25     -81.51
120      3.26     -76.25
121      42.31     8.48
122      -28.02     145.37
123      7.11     79.53
124      40.04     -83.04
125      33.22     -7.35
126      48.07     7.22
127      44.22     28.29
128      45.40     -0.19
129      6.21     2.23
130      55.37     12.39
131      -33.58     18.36
132      37.28     15.04
133      10.27     -75.31
134      -26.25     146.14
135      39.00     17.05
136      12.12     -68.57
137      39.09     -84.20
138      39.03     -84.20
139      51.24     -3.12
140      29.11     -81.03
141      23.46     90.23
142      14.45     42.59
143      32.50     -96.51
144      33.25     36.31
145      -6.53     39.12
146      42.34     18.16
147      -29.58     30.57
148      38.51     -77.02
149      28.34     77.07
150      39.46     -104.53
151      32.46     -96.24
152      26.16     50.10
153      47.16     5.05
154      33.52     10.47
155      14.45     -17.30
156      4.01     9.43
157      19.08     30.26
158      25.16     51.34
159      49.22     0.10
160      -8.45     115.10
161      51.08     13.46


162      -12.25     130.52
163      42.14     -83.32
164      42.13     -83.21
165      53.26     -6.15
166      51.17     6.45
167      25.15     55.20
168      0.03     32.26
169      45.32     4.18
170      55.57     -3.22
171      51.27     5.23
172      31.48     -106.16
173      52.50     -1.19
174      48.19     6.04
175      40.07     33.00
176      40.09     82.40
177      40.42     -74.10
178      50.44     -3.25
179      -34.49     -58.32
180      64.49     -147.51
181      37.01     -7.58
182      -11.35     27.31
183      59.54     10.37
184      41.49     12.15
185      14.35     -61.00
186      33.56     45.80
187      -4.23     15.26
188      43.49     11.12
189      8.37     -13.12
190      41.26     15.32
191      50.02     8.34
192      44.12     12.04
193      -21.13     27.29
194      28.27     -13.52
195      53.29     -1.00
196      -19.27     29.52
197      54.23     18.28
198      60.12     11.05
199      24.57     10.10
200      -22.50     -43.15
201      55.52     -4.26
202      45.22     5.20
203      7.09     41.43
204      44.25     8.50
205      57.40     18.18
206      41.54     2.46
207      37.11     -3.47
208      47.00     15.26
209      51.09     -0.11
210      14.34     -90.32
211      46.14     6.07
212      -2.09     -79.53
213      52.28     9.42
214      53.38     10.00
215      60.19     24.58
216      35.20     25.11
217      30.20     120.51
218      22.19     114.12
219      31.40     6.09
220      35.33     139.46
221      21.20     -157.55
222      29.59     -95.28
223      38.57     -77.27
224      43.06     -78.57
225      38.52     1.22
226      47.34     -97.27
227      50.21     30.55
228      -25.44     -54.28
229      39.44     -86.17
230      40.59     28.49
231      38.17     27.10
232      21.30     39.12
233      49.13     -2.12
234      40.38     -73.46
235      11.33     43.10
236      -6.09     106.51
237      -26.08     28.15
238      -3.22     36.38
239      45.28     -73.44
240      12.03     8.31
241      34.34     69.12
242      63.59     -22.37
243      -1.58     30.08
244      22.34     120.17
245      24.54     67.09
246      -6.18     155.43
247      17.56     -76.48
248      50.05     19.47
249      15.36     32.33
250      27.42     85.22
251      3.08     101.33
252      29.13     47.58
253      -8.51     13.14
254      10.36     -66.59
255      36.04     -115.09
256      33.56     -118.24
257      53.52     -1.39
258      48.58     2.27
259      0.27     9.25
260      34.52     33.38
261      43.11     0.00
262      59.49     30.17
263      36.51     -2.22
264      51.24     12.25
265      51.25     12.14
266      6.10     1.15
267      40.46     -73.52
268      33.57     -118.24
269      50.38     5.27
270      51.09     -0.11
271      51.28     -0.27
272      50.34     3.05
273      -12.01     -77.07
274      45.27     9.16
275      38.46     -9.08
276      46.13     14.28
277      35.30     12.37
278      48.14     14.11
279      51.28     -0.27
280      6.35     3.20
281      27.56     -15.23
282      -16.30     -68.11
283      53.21     -2.53
284      6.10     1.15
285      51.53     -0.22
286      -25.55     32.34
287      -15.20     28.27
288      4.27     114.00
289      49.37     6.12
290      -17.49     25.49
291      25.41     32.43
292      45.44     4.56
293      13.00     80.11
294      40.29     -3.34
295      31.52     -4.13
296      53.21     -2.16
297      -3.04     -60.00
298      10.34     -71.44
299      -4.02     39.36
300      46.22     15.47
301      39.18     -94.44
302      28.32     -81.20
303      23.36     58.17
304      44.25     8.50
305      -37.44     144.54
306      24.31     39.42
307      -37.41     144.51
308      19.26     -99.04
309      12.07     -86.11
310      2.01     45.19
311      25.48     -80.17
312      20.56     -89.41
313      45.27     9.16
314      35.45     10.45
315      39.07     -94.36
316      35.52     14.29
317      4.11     73.32
318      47.45     7.26
319      55.33     13.22
320      54.31     -1.25
321      14.31     121.01
322      55.58     37.25
323      43.35     3.58
324      -25.55     32.34
325      -8.58     125.13
326      43.26     5.13
327      -20.26     57.41
328      51.21     1.21
329      44.53     -93.13
330      53.52     27.33
331      50.55     5.47
332      29.59     -90.16
333      -26.31     31.19
334      48.08     11.42
335      -34.50     -56.02
336      45.38     8.43
337      49.05     6.08
338      -17.45     177.27
339      40.53     14.18
340      25.02     -77.28
341      -1.19     36.56
342      43.40     7.13
343      55.02     -1.41
344      45.56     6.06
345      12.08     15.02
346      32.56     129.56
347      35.09     36.17
348      13.29     2.10
349      18.06     -15.57
350      -13.00     28.39
351      58.35     16.15
352      35.45     140.23
353      47.09     -1.36
354      49.30     11.05
355      52.41     1.17
356      40.38     -73.46
357      55.28     10.20
358      46.26     30.41
359      26.21     127.46
360      35.26     -97.46
361      40.54     9.31
362      41.07     -95.55
363      41.14     -8.41
364      41.59     -87.54
365      51.50     -8.29
366      28.26     -81.19
367      35.38     -0.37
368      48.43     2.23
369      34.47     135.27
370      60.12     11.05
371      51.12     2.52
372      44.34     26.06
373      12.21     -1.31
374      43.26     -5.50
375      18.34     -72.17
376      48.43     2.23
377      40.05     116.36
378      -31.56     115.58
379      4.52     7.02
380      37.08     -76.30
381      39.52     -75.15
382      33.26     -112.01
383      55.52     -4.26
384      46.35     0.18
385      40.30     -80.14
386      -5.15     39.49
387      39.33     2.44
388      38.10     13.06
389      11.33     104.51
390      36.49     11.58
391      -9.27     147.13
392      10.36     -61.21
393      9.05     -79.23
394      50.06     14.16
395      43.41     10.24
396      42.26     14.11
397      16.16     -61.32
398      9.03     -79.24
399      43.23     -0.25
400      45.39     12.12
401      31.37     -8.03
402      34.03     -6.45
403      -8.08     -34.55
404      38.04     15.39
405      64.08     -21.57
406      16.54     96.09
407      49.19     4.03
408      36.23     28.07
409      -29.43     -53.42
410      -22.50     -43.15
411      45.13     14.35
412      44.01     12.37
413      48.04     -1.44
414      6.14     -10.22
415      41.49     12.15
416      14.10     145.15
417      -32.55     -60.47
418      51.57     4.26
419      24.42     46.44
420      33.37     73.06
421      6.30     -58.15
422      15.29     44.13
423      13.42     -89.07
424      32.44     -117.11
425      -23.00     -47.08
426      29.32     -98.28
427      -17.56     31.06
428      48.31     -24.80
429      -33.23     -70.47
430      42.54     -8.25
431      33.14     44.14
432      18.26     -69.40
433      47.27     -122.18
434      27.00     14.27
435      37.33     126.48
436      51.34     0.42
437      -4.40     55.31
438      37.37     -122.23
439      31.12     121.20
440      25.21     55.24
441      16.45     -22.57
442      1.21     103.54
443      37.22     -121.56
444      43.49     18.20
445      9.58     -84.16
446      9.59     -84.12
447      18.26     -66.01
448      40.31     22.58
449      41.58     21.38
450      40.53     -111.57
451      36.58     -25.10
452      52.42     -8.55
453      42.42     23.24
454      43.32     16.18
455      -12.54     -38.20
456      38.45     -90.22
457      51.33     0.14
458      59.39     17.55
459      48.41     9.13
460      38.54     16.15
461      58.53     5.38
462      55.58     37.25
463      37.26     -5.54
464      48.32     7.38
465      52.22     13.30
466      -33.56     151.10
467      29.33     52.36
468      47.48     13.00
469      40.31     17.24
470      41.19     69.24
471      28.29     -16.20
472      38.31     -28.43
473      43.11     0.00
474      28.29     -16.20
475      14.02     -87.14
476      52.29     13.24
477      35.41     51.19
478      41.20     19.47
479      32.40     13.09
480      43.37     1.23
481      32.01     34.53
482      22.49     5.27
483      0.23     6.43
484      35.43     -5.55
485      -18.48     47.29
486      33.56     8.06
487      -24.42     -53.42
488      25.04     121.33
489      37.55     12.29
490      51.23     -2.43
491      45.12     7.39
492      45.50     13.28
493      45.39     12.12
494      47.26     0.43
495      36.18     -95.52
496      36.51     10.14
497      52.34     13.18
498      35.33     139.46
499      35.54     -83.53
500      40.62     13.11
501      -0.08     -78.29
502      12.41     101.01
503      13.45     -60.57
504      44.55     4.58
505      43.14     27.49
506      45.30     12.21
507      -23.00     -47.08
508      48.07     16.33
509      39.29     -0.29
510      41.42     -4.51
511      45.24     10.53
512      38.57     -77.27
513      52.10     20.58
514      36.45     -6.04
515      53.19     -113.35
516      44.53     -63.31
517      45.41     -74.02
518      45.19     -75.40
519      46.48     -71.24
520      42.16     -82.58
521      48.57     -54.34
522      45.28     -73.44
523      49.11     -123.10
524      49.55     -97.14
525      51.07     -114.01
526      47.37     -52.45
527      43.41     -79.38
528      44.06     15.21
529      45.45     16.04
530      41.40     -1.03
531      -6.13     39.13
532      47.28     8.33
533      51.33     0.14
534      24.58     91.53


1     6     357     183     370     198     214     319     
2     6     186     467     431     477     419     440     
3     2     266     284     
4     9     382     450     255     360     426     424     495     268     256     
5     10     343     383     201     320     257     296     283     195     173     165     
6     7     210     423     312     475     426     222     309     
7     3     284     280     373     
8     3     281     471     474     
9     6     235     422     249     310     341     168     
10     1     422     
11     6     305     466     378     162     391     325     
12     3     194     402     295     
13     6     319     357     214     497     476     183     
14     3     463     484     514     
15     1     342     
16     7     263     207     484     514     463     402     367     
17     8     361     342     395     304     204     188     415     184     
18     3     466     305     307     
19     9     225     263     367     387     530     207     294     206     473     
20     1     387     
21     1     260     
22     7     360     172     495     426     301     315     222     
23     9     347     260     291     306     431     408     175     186     231     
24     4     171     331     269     371     
25     1     523     
26     7     230     260     408     231     347     505     358     
27     5     171     269     331     272     371     
28     4     185     503     447     392     
29     8     192     396     411     188     528     492     184     415     
30     1     481     
31     6     351     205     197     319     370     198     
32     3     422     235     232     
33     1     487     
34     8     306     232     249     481     260     347     408     216     
35     6     448     231     449     408     453     478     
36     7     499     302     366     229     332     456     385     
37     2     298     254     
38     9     440     303     467     419     252     477     186     245     431     
39     2     260     231     
40     9     467     252     419     167     440     303     186     477     431     
41     6     186     431     467     252     347     440     
42     7     223     512     381     380     177     267     356     
43     6     298     393     398     247     254     375     
44     10     487     507     425     228     200     410     409     455     297     282     
45     3     203     422     310     
46     7     387     480     323     225     261     473     509     
47     6     356     234     267     516     177     380     
48     3     267     356     234     
49     4     478     460     190     444     
50     3     449     478     453     
51     2     249     203     
52     3     316     479     460     
53     3     497     465     264     
54     9     178     413     353     490     494     384     271     279     209     
55     9     187     483     259     290     193     379     287     182     237     
56     9     481     347     260     175     408     291     431     231     230     
57     8     201     383     452     170     365     283     296     343     
58     5     360     495     172     426     301     
59     1     187     
60     1     185     
61     6     183     370     198     357     343     214     
62     10     519     239     522     516     517     267     234     356     177     518     
63     10     186     252     477     347     419     467     481     306     260     232     
64     6     313     336     511     304     204     491     
65     4     499     332     229     456     
66     1     173     
67     10     395     361     204     304     188     342     313     274     184     415     
68     10     525     515     226     255     524     382     362     433     172     360     
69     6     473     261     530     480     384     294     
70     2     349     189     
71     2     168     238     
72     2     389     406     
73     3     189     414     373     
74     4     214     213     319     183     
75     4     192     511     412     395     
76     10     317     245     250     534     406     420     303     241     502     440     
77     8     287     196     350     182     193     290     531     324     
78     3     167     303     467     
79     4     307     305     391     246     
80     4     399     261     473     384     
81     1     501     
82     5     490     233     271     279     209     
83     9     293     420     317     303     250     241     440     167     534     
84     5     198     458     183     351     205     
85     4     234     356     267     177     
86     10     214     166     357     191     171     331     265     269     264     289     
87     3     190     454     339     
88     5     318     532     211     491     344     
89     10     178     173     283     296     279     271     285     233     209     270     
90     1     269     
91     6     507     425     410     200     455     487     
92     8     464     532     174     211     459     337     344     491     
93     5     208     300     278     529     276     
94     8     508     529     300     444     208     454     276     513     
95     7     335     417     409     228     487     429     507     
96     7     527     385     518     512     223     520     381     
97     4     505     453     230     358     
98     1     258     
99     10     253     259     483     379     182     243     280     350     345     290     
100     1     496     
101     9     291     260     408     347     216     231     306     175     230     
102     1     244     
103     2     402     401     
104     6     350     290     287     253     187     196     
105     2     392     297     
106     1     533     
107     4     305     307     391     162     
108     10     298     392     503     185     397     447     432     421     375     247     
109     6     534     250     406     293     502     176     
110     9     195     257     296     285     283     279     271     533     457     
111     10     258     376     368     272     407     371     328     494     436     457     
112     7     326     491     204     304     344     504     202     
113     3     384     494     353     
114     6     469     449     448     460     444     404     
115     8     191     289     331     337     269     171     464     174     
116     7     229     456     163     164     520     329     499     
117     4     184     500     396     339     
118     9     414     349     441     373     266     284     348     280     281     
119     6     385     164     163     527     224     229     
120     10     501     212     398     393     298     446     445     254     309     247     
121     4     342     304     204     361     
122     1     466     
123     3     293     317     406     
124     6     164     163     520     385     229     499     
125     2     402     401     
126     6     318     174     532     337     289     459     
127     8     372     358     230     453     231     175     227     448     
128     8     384     494     353     399     261     473     480     413     
129     10     266     284     379     373     348     483     240     259     414     345     
130     5     319     357     214     497     476     
131     2     333     193     
132     8     460     316     388     489     277     339     390     469     
133     9     298     393     398     247     375     254     446     445     432     
134     6     466     307     305     391     162     246     
135     8     469     404     190     339     478     388     500     396     
136     9     254     298     432     447     375     392     185     503     397     
137     9     229     163     164     520     499     364     385     456     527     
138     5     229     163     164     520     499     
139     3     178     283     296     
140     4     366     311     340     499     
141     9     250     406     293     502     176     389     420     245     251     
142     5     235     203     232     249     306     
143     2     360     222     
144     4     347     481     260     175     
145     1     386     
146     5     478     454     469     190     449     
147     2     237     324     
148     8     512     380     381     177     385     267     356     234     
149     8     250     241     245     176     534     470     293     303     
150     3     450     172     360     
151     2     222     360     
152     4     467     252     419     167     
153     2     211     292     
154     4     486     277     479     496     
155     2     349     441     
156     6     259     483     280     240     284     266     
157     2     291     232     
158     6     167     440     467     419     252     303     
159     1     270     
160     6     325     288     442     162     251     389     
161     2     264     476     

65
0.17

169
179
180
181
199
215
217
218
219
220
221
236
242
248
262
273
275
286
299
308
314
321
322
327
330
334
338
346
352
354
355
359
363
369
374
377
394
400
403
405
416
418
427
428
430
434
435
437
438
439
443
451
461
462
468
472
482
485
488
493
498
506
510
521
526
