1
76
23
52
39


0      22.00     22.00

1      36.00     26.00
2      21.00     45.00
3      45.00     35.00
4      55.00     20.00
5      33.00     34.00
6      50.00     50.00
7      55.00     45.00
8      26.00     59.00
9      40.00     66.00
10      55.00     65.00
11      35.00     51.00
12      62.00     35.00
13      62.00     57.00
14      62.00     24.00
15      21.00     36.00
16      33.00     44.00
17      9.00     56.00
18      62.00     48.00
19      66.00     14.00
20      44.00     13.00
21      26.00     13.00
22      11.00     28.00
23      7.00     43.00


24      17.00     64.00
25      41.00     46.00
26      55.00     34.00
27      35.00     16.00
28      52.00     26.00
29      43.00     26.00
30      31.00     76.00
31      22.00     53.00
32      26.00     29.00
33      50.00     40.00
34      55.00     50.00
35      54.00     10.00
36      60.00     15.00
37      47.00     66.00
38      30.00     60.00
39      30.00     50.00
40      12.00     17.00
41      15.00     14.00
42      16.00     19.00
43      21.00     48.00
44      50.00     30.00
45      51.00     42.00
46      50.00     15.00
47      48.00     21.00
48      12.00     38.00
49      15.00     56.00
50      29.00     39.00
51      54.00     38.00
52      55.00     57.00
53      67.00     41.00
54      10.00     70.00
55      6.00     25.00
56      65.00     27.00
57      40.00     60.00
58      70.00     64.00
59      64.00     4.00
60      36.00     6.00
61      30.00     20.00
62      20.00     30.00
63      15.00     5.00
64      50.00     70.00
65      57.00     72.00
66      45.00     42.00
67      38.00     33.00
68      50.00     4.00
69      66.00     8.00
70      59.00     5.00
71      35.00     60.00
72      27.00     24.00
73      40.00     20.00
74      40.00     37.00
75      40.00     40.00


1     6     29     73     67     61     72     27     
2     8     43     31     50     39     48     49     62     32     
3     5     74     66     75     44     33     
4     5     28     47     46     36     35     
5     5     67     50     74     32     75     
6     5     34     45     52     66     25     
7     5     45     34     51     33     66     
8     3     38     31     71     
9     10     57     37     71     64     38     30     52     65     39     25     
10     4     64     65     52     37     
11     1     39     
12     8     26     53     56     51     44     33     45     28     
13     8     52     34     58     65     53     37     64     45     
14     9     56     36     28     26     44     47     46     51     35     
15     8     62     50     32     48     43     72     39     31     
16     4     50     39     75     25     
17     1     49     
18     4     34     53     52     45     
19     9     69     36     59     70     35     56     46     28     68     
20     3     46     73     47     
21     6     61     27     72     41     42     60     
22     3     55     62     48     
23     1     48     

4
0.08

24
40
54
63
