1
100
50
49
36


0      2995.00     264.00

1      202.00     233.00
2      981.00     848.00
3      1346.00     408.00
4      781.00     670.00
5      1009.00     1001.00
6      2927.00     1777.00
7      2982.00     949.00
8      555.00     1121.00
9      464.00     1302.00
10      3452.00     637.00
11      571.00     1982.00
12      2656.00     128.00
13      1623.00     1723.00
14      2067.00     694.00
15      1725.00     927.00
16      3600.00     459.00
17      1109.00     1196.00
18      366.00     339.00
19      778.00     1282.00
20      386.00     1616.00
21      3918.00     1217.00
22      3332.00     1049.00
23      2597.00     349.00
24      811.00     1295.00
25      241.00     1069.00
26      2658.00     360.00
27      394.00     1944.00
28      3786.00     1862.00
29      264.00     36.00
30      2050.00     1833.00
31      3538.00     125.00
32      1646.00     1817.00
33      2993.00     624.00
34      547.00     25.00
35      3373.00     1902.00
36      460.00     267.00
37      3060.00     781.00
38      1828.00     456.00
39      1021.00     962.00
40      2347.00     388.00
41      3535.00     1112.00
42      1529.00     581.00
43      1203.00     385.00
44      1787.00     1902.00
45      2740.00     1101.00
46      555.00     1753.00
47      47.00     363.00
48      3935.00     540.00
49      3062.00     329.00
50      387.00     199.00


51      2901.00     920.00
52      931.00     512.00
53      1766.00     692.00
54      401.00     980.00
55      149.00     1629.00
56      2214.00     1977.00
57      3805.00     1619.00
58      1179.00     969.00
59      1017.00     333.00
60      2834.00     1512.00
61      634.00     294.00
62      1819.00     814.00
63      1393.00     859.00
64      1768.00     1578.00
65      3023.00     871.00
66      3248.00     1906.00
67      1632.00     1742.00
68      2223.00     990.00
69      3868.00     697.00
70      1541.00     354.00
71      2374.00     1944.00
72      1962.00     389.00
73      3007.00     1524.00
74      3220.00     1945.00
75      2356.00     1568.00
76      1604.00     706.00
77      2028.00     1736.00
78      2581.00     121.00
79      2221.00     1578.00
80      2944.00     632.00
81      1082.00     1561.00
82      997.00     942.00
83      2334.00     523.00
84      1264.00     1090.00
85      1699.00     1294.00
86      235.00     1059.00
87      2592.00     248.00
88      3642.00     699.00
89      3599.00     514.00
90      1766.00     678.00
91      240.00     619.00
92      1272.00     246.00
93      3503.00     301.00
94      80.00     1533.00
95      1677.00     1238.00
96      3766.00     154.00
97      3946.00     459.00
98      1994.00     1852.00
99      278.00     165.00


1     6     99     91     61     54     52     59     
2     6     82     58     52     84     63     59     
3     2     92     70     
4     9     52     82     61     59     54     58     91     84     63     
5     10     82     58     84     63     52     81     54     76     59     95     
6     7     73     60     74     66     71     75     79     
7     3     51     65     80     
8     3     54     86     82     
9     6     54     86     94     55     82     81     
10     1     89     
11     6     55     81     94     86     54     67     
12     3     78     87     83     
13     6     67     64     98     77     85     95     
14     3     62     53     90     
15     1     62     
16     7     89     93     88     97     96     69     80     
17     8     84     58     82     81     63     95     85     76     
18     3     99     61     91     
19     9     82     81     54     58     84     86     55     94     63     
20     1     55     
21     1     57     
22     7     65     51     88     80     73     89     69     
23     9     87     78     83     80     72     51     65     68     90     
24     4     81     82     58     84     
25     1     86     
26     7     87     78     83     80     51     65     72     
27     5     55     94     81     86     54     
28     4     57     66     74     73     
29     8     99     61     91     59     52     54     86     92     
30     1     98     
31     6     93     96     89     97     88     69     
32     3     67     64     98     
33     1     80     
34     8     61     99     59     52     91     92     54     82     
35     6     66     74     57     73     60     71     
36     7     61     99     91     52     59     54     92     
37     2     65     80     
38     9     72     90     53     70     76     62     83     63     92     
39     2     82     58     
40     9     83     87     78     72     68     80     90     53     62     
41     6     88     69     65     57     89     51     
42     7     76     70     90     53     63     62     92     
43     6     92     59     52     70     63     76     
44     10     98     67     77     64     56     79     71     85     75     95     
45     3     51     65     60     
46     7     55     94     81     86     54     82     84     
47     6     99     91     61     54     86     52     
48     3     97     69     88     
49     4     80     93     87     78     
50     3     99     61     91     

0
0.00

