1
100
40
59
44


0      143.77     862.63

1      881.78     1.18
2      545.24     735.01
3      502.81     876.00
4      204.88     345.23
5      701.64     576.99
6      147.17     164.29
7      135.38     807.91
8      629.00     976.97
9      675.00     731.45
10      313.70     299.13
11      445.69     981.97
12      354.79     765.22
13      398.13     976.03
14      273.04     853.94
15      666.29     312.27
16      876.94     925.39
17      134.03     949.82
18      966.83     726.80
19      659.35     889.08
20      400.34     874.49
21      118.04     312.04
22      809.87     50.86
23      16.28     114.16
24      12.62     48.24
25      650.04     940.26
26      791.19     758.95
27      907.19     612.60
28      510.86     25.86
29      31.64     431.22
30      776.76     253.78
31      531.82     906.89
32      654.97     767.76
33      186.06     206.53
34      564.59     3.00
35      410.82     437.92
36      930.19     639.82
37      941.39     889.98
38      341.54     39.41
39      162.62     95.20
40      107.56     262.75


41      82.64     131.13
42      43.01     77.90
43      554.45     99.78
44      608.62     227.86
45      889.59     760.96
46      559.46     508.13
47      13.60     508.47
48      402.57     839.18
49      886.16     764.31
50      84.65     629.07
51      486.78     259.06
52      647.52     553.52
53      967.65     824.25
54      236.62     1.52
55      879.52     737.58
56      509.84     420.79
57      936.13     303.89
58      872.34     499.02
59      143.00     840.98
60      233.10     303.93
61      199.82     937.72
62      302.12     847.44
63      365.53     566.23
64      107.59     549.47
65      802.66     344.87
66      319.49     813.10
67      3.25     701.54
68      180.03     766.31
69      977.60     968.84
70      14.63     842.38
71      922.63     954.28
72      896.27     789.07
73      667.95     906.11
74      425.06     869.54
75      865.92     369.61
76      898.57     539.11
77      621.69     878.16
78      673.73     613.12
79      89.30     491.92
80      147.86     459.84
81      428.29     905.37
82      51.75     636.34
83      826.46     231.70
84      426.25     946.36
85      316.07     853.39
86      275.71     973.75
87      835.29     247.97
88      970.19     63.52
89      123.62     644.17
90      226.67     562.46
91      808.92     791.39
92      942.26     531.02
93      705.83     455.76
94      856.23     509.76
95      352.48     1.16
96      308.88     842.79
97      750.98     394.93
98      610.78     584.41
99      483.64     116.32


1     9     88     83     87     57     43     65     44     75     99     
2     1     77     
3     6     74     81     84     48     77     73     
4     9     60     80     79     90     64     41     47     63     51     
5     9     78     52     98     93     46     94     58     97     76     
6     10     41     42     60     54     95     80     79     99     51     47     
7     6     59     68     70     61     89     67     
8     8     73     77     84     81     74     91     48     71     
9     4     78     91     77     98     
10     3     60     51     56     
11     3     84     81     74     
12     3     66     48     96     
13     1     84     
14     1     62     
15     3     44     97     65     
16     4     71     69     53     72     
17     2     61     59     
18     7     45     55     49     72     53     91     92     
19     9     73     77     91     81     74     84     72     49     48     
20     8     74     48     81     84     85     96     66     62     
21     8     60     80     79     41     47     64     42     90     
22     3     88     83     87     
23     9     42     41     54     60     95     80     79     47     64     
24     8     42     41     54     60     95     80     79     47     
25     10     73     77     91     84     81     74     48     71     72     49     
26     6     91     55     49     45     72     78     
27     10     76     92     94     58     55     45     49     72     91     53     
28     3     43     99     95     
29     10     47     79     80     64     50     82     89     90     60     67     
30     2     83     87     
31     4     77     81     84     74     
32     1     77     
33     9     60     41     42     54     80     95     79     51     99     
34     2     43     99     
35     10     56     63     46     51     90     60     98     52     80     44     
36     3     76     92     55     
37     1     71     
38     3     95     54     99     
39     5     41     54     42     95     60     
40     8     60     41     42     80     79     47     64     54     

1
0.02

86
