1
200
80
119
89


0      3140.00     1401.00

1      556.00     1056.00
2      3675.00     1522.00
3      1182.00     1853.00
4      3595.00     111.00
5      962.00     1895.00
6      2030.00     1186.00
7      3507.00     1851.00
8      2642.00     1269.00
9      3438.00     901.00
10      3858.00     1472.00
11      2937.00     1568.00
12      376.00     1018.00
13      839.00     1355.00
14      706.00     1925.00
15      749.00     920.00
16      298.00     615.00
17      694.00     552.00
18      387.00     190.00
19      2801.00     695.00
20      3133.00     1143.00
21      1517.00     266.00
22      1538.00     224.00
23      844.00     520.00
24      2639.00     1239.00
25      3123.00     217.00
26      2489.00     1520.00
27      3834.00     1827.00
28      3417.00     1808.00
29      2938.00     543.00
30      71.00     1323.00
31      3245.00     1828.00
32      731.00     1741.00
33      2312.00     1270.00
34      2426.00     1851.00
35      380.00     478.00
36      2310.00     635.00
37      2830.00     775.00
38      3829.00     513.00
39      3684.00     445.00
40      171.00     514.00
41      627.00     1261.00
42      1490.00     1123.00
43      61.00     81.00
44      422.00     542.00
45      2698.00     1221.00
46      2372.00     127.00
47      177.00     1390.00
48      3084.00     748.00
49      1213.00     910.00
50      3.00     1817.00
51      1782.00     995.00
52      3896.00     742.00
53      1829.00     812.00
54      1286.00     550.00
55      3017.00     108.00
56      2132.00     1432.00
57      2000.00     1110.00
58      3317.00     1966.00
59      1729.00     1498.00
60      2408.00     1747.00
61      3292.00     152.00
62      193.00     1210.00
63      782.00     1462.00
64      2503.00     352.00
65      1697.00     1924.00
66      3821.00     147.00
67      3370.00     791.00
68      3162.00     367.00
69      3938.00     516.00
70      2741.00     1583.00
71      2330.00     741.00
72      3918.00     1088.00
73      1794.00     1589.00
74      2929.00     485.00
75      3453.00     1998.00
76      896.00     705.00
77      399.00     850.00
78      2614.00     195.00
79      2800.00     653.00
80      2630.00     20.00


81      563.00     1513.00
82      1090.00     1652.00
83      2009.00     1163.00
84      3876.00     1165.00
85      3084.00     774.00
86      1526.00     1612.00
87      1612.00     328.00
88      1423.00     1322.00
89      3058.00     1276.00
90      3782.00     1865.00
91      347.00     252.00
92      3904.00     1444.00
93      2191.00     1579.00
94      3220.00     1454.00
95      468.00     319.00
96      3611.00     1968.00
97      3114.00     1629.00
98      3515.00     1892.00
99      3060.00     155.00
100      2995.00     264.00
101      202.00     233.00
102      981.00     848.00
103      1346.00     408.00
104      781.00     670.00
105      1009.00     1001.00
106      2927.00     1777.00
107      2982.00     949.00
108      555.00     1121.00
109      464.00     1302.00
110      3452.00     637.00
111      571.00     1982.00
112      2656.00     128.00
113      1623.00     1723.00
114      2067.00     694.00
115      1725.00     927.00
116      3600.00     459.00
117      1109.00     1196.00
118      366.00     339.00
119      778.00     1282.00
120      386.00     1616.00
121      3918.00     1217.00
122      3332.00     1049.00
123      2597.00     349.00
124      811.00     1295.00
125      241.00     1069.00
126      2658.00     360.00
127      394.00     1944.00
128      3786.00     1862.00
129      264.00     36.00
130      2050.00     1833.00
131      3538.00     125.00
132      1646.00     1817.00
133      2993.00     624.00
134      547.00     25.00
135      3373.00     1902.00
136      460.00     267.00
137      3060.00     781.00
138      1828.00     456.00
139      1021.00     962.00
140      2347.00     388.00
141      3535.00     1112.00
142      1529.00     581.00
143      1203.00     385.00
144      1787.00     1902.00
145      2740.00     1101.00
146      555.00     1753.00
147      47.00     363.00
148      3935.00     540.00
149      3062.00     329.00
150      387.00     199.00
151      2901.00     920.00
152      931.00     512.00
153      1766.00     692.00
154      401.00     980.00
155      149.00     1629.00
156      2214.00     1977.00
157      3805.00     1619.00
158      1179.00     969.00
159      1017.00     333.00
160      2834.00     1512.00
161      634.00     294.00
162      1819.00     814.00
163      1393.00     859.00
164      1768.00     1578.00
165      3023.00     871.00
166      3248.00     1906.00
167      1632.00     1742.00
168      2223.00     990.00
169      3868.00     697.00
170      1541.00     354.00
171      2374.00     1944.00
172      1962.00     389.00
173      3007.00     1524.00
174      3220.00     1945.00
175      2356.00     1568.00
176      1604.00     706.00
177      2028.00     1736.00
178      2581.00     121.00
179      2221.00     1578.00
180      2944.00     632.00
181      1082.00     1561.00
182      997.00     942.00
183      2334.00     523.00
184      1264.00     1090.00
185      1699.00     1294.00
186      235.00     1059.00
187      2592.00     248.00
188      3642.00     699.00
189      3599.00     514.00
190      1766.00     678.00
191      240.00     619.00
192      1272.00     246.00
193      3503.00     301.00
194      80.00     1533.00
195      1677.00     1238.00
196      3766.00     154.00
197      3946.00     459.00
198      1994.00     1852.00
199      278.00     165.00


1     2     108     154     
2     1     157     
3     1     82     
4     4     131     196     193     116     
5     7     82     181     111     146     81     127     124     
6     2     83     168     
7     8     98     135     96     166     90     128     174     157     
8     10     145     160     175     89     151     173     107     168     179     93     
9     9     122     141     110     188     85     137     165     189     107     
10     1     92     
11     3     173     160     97     
12     10     154     125     186     108     109     191     119     124     81     104     
13     9     124     119     117     81     181     108     109     82     105     
14     10     111     146     127     81     120     82     181     155     124     119     
15     8     102     182     104     105     139     108     154     119     
16     5     191     118     95     147     91     
17     8     104     152     161     95     136     159     118     102     
18     8     150     91     136     199     118     95     101     129     
19     6     180     133     151     137     165     85     
20     4     89     122     107     165     
21     10     170     87     103     192     142     143     138     176     172     190     
22     2     87     170     
23     3     152     104     159     
24     10     145     160     151     89     175     107     173     168     165     179     
25     7     99     149     100     193     131     133     180     
26     2     175     179     
27     2     128     90     
28     5     135     98     166     174     96     
29     10     180     133     149     137     85     100     126     165     151     123     
30     9     194     125     186     155     109     120     154     108     81     
31     7     166     174     135     97     98     106     94     
32     10     146     81     111     120     82     127     181     124     119     109     
33     8     168     175     179     83     93     145     177     160     
34     5     171     156     175     179     93     
35     9     118     95     191     136     91     150     101     161     199     
36     3     183     140     114     
37     6     151     180     165     133     137     107     
38     9     148     197     169     189     116     188     196     193     110     
39     3     116     189     193     
40     6     191     147     118     101     91     95     
41     7     119     108     109     124     81     154     120     
42     2     88     195     
43     10     101     129     199     147     91     150     118     136     95     134     
44     4     191     118     95     136     
45     8     145     160     151     89     107     173     165     175     
46     2     178     187     
47     4     194     155     109     120     
48     3     85     137     165     
49     1     158     
50     7     155     194     127     120     146     111     81     
51     9     115     162     195     83     153     185     190     176     163     
52     10     169     148     188     197     189     116     84     110     121     141     
53     10     162     153     190     115     176     114     138     142     83     168     
54     4     103     143     142     192     
55     10     99     100     149     112     178     126     187     123     133     131     
56     2     93     179     
57     2     83     168     
58     4     135     166     174     98     
59     5     164     185     86     113     167     
60     9     175     171     179     93     156     130     177     198     160     
61     3     99     131     193     
62     5     125     186     109     154     194     
63     10     124     119     81     181     109     82     146     108     117     120     
64     2     123     187     
65     5     144     132     167     113     198     
66     4     196     131     197     193     
67     10     110     122     85     188     137     165     189     141     116     133     
68     5     149     100     99     133     180     
69     10     148     197     169     189     116     188     196     193     110     131     
70     6     160     106     173     97     175     89     
71     3     183     114     168     
72     2     84     121     
73     7     164     113     167     86     132     177     185     
74     8     180     133     149     100     126     137     85     99     
75     3     98     135     96     
76     6     104     102     152     182     139     105     
77     2     154     186     
78     9     187     112     178     123     126     140     100     183     99     
79     1     180     
80     8     112     178     187     123     126     100     99     140     

1
0.01

184
