1
535
267
267
200


0      36.49     7.49

1      57.06     9.51
2      30.22     48.14
3      5.15     -3.56
4      34.59     -106.37
5      57.12     -2.12
6      16.45     -99.45
7      5.36     -0.10
8      28.56     -13.36
9      8.59     38.48
10      12.50     45.02
11      -34.48     138.38
12      30.23     -9.33
13      56.18     12.51
14      36.40     -4.30
15      40.38     8.17
16      35.11     -3.50
17      41.55     8.48
18      -37.01     174.47
19      38.17     -0.34
20      36.42     3.13
21      36.11     37.14
22      35.14     -101.42
23      31.58     35.59
24      52.18     4.46
25      61.10     -149.59
26      39.57     32.41
27      51.11     4.28
28      17.08     -61.47
29      43.37     13.22
30      29.38     35.01
31      59.39     17.55
32      15.18     38.55
33      -25.14     -57.31
34      23.58     32.47
35      37.54     23.44
36      33.46     -84.31
37      12.30     -70.01
38      24.26     54.28
39      36.55     30.48
40      26.16     50.38
41      40.29     50.01
42      39.11     -76.40
43      10.48     -74.52
44      -16.11     -52.30
45      10.25     45.01
46      41.18     2.05
47      32.22     -64.42
48      41.56     -72.41
49      40.39     17.57
50      44.49     20.19
51      9.21     34.31
52      32.06     20.16
53      52.29     13.24
54      48.27     -4.25
55      -19.48     3.45
56      33.49     35.29
57      54.39     -6.14
58      35.48     -101.22
59      4.24     18.31
60      13.04     -59.30
61      60.17     5.13
62      44.48     -68.50
63      33.14     44.14
64      45.40     9.24
65      33.34     -86.45
66      52.27     -1.45
67      42.33     9.29
68      45.48     -108.37
69      43.28     -1.32
70      13.21     -16.40
71      -3.19     29.19
72      13.55     100.36
73      12.38     -8.02
74      55.44     9.09
75      44.32     11.18
76      12.57     77.40
77      -15.41     34.58
78      27.13     56.22
79      -27.25     153.05
80      44.50     -0.43
81      4.42     -74.09
82      50.47     -1.51
83      19.05     72.52
84      67.16     14.22
85      42.22     -71.00
86      53.03     8.48
87      41.08     16.47
88      46.55     7.30
89      51.31     -2.35
90      50.54     4.29
91      -15.52     -47.55
92      47.35     7.32
93      48.10     16.13
94      47.27     19.15
95      -34.49     -58.32
96      42.55     -78.38
97      44.30     26.06
98      49.27     2.07
99      -4.15     15.15
100      39.15     9.04
101      30.08     31.24
102      23.11     113.16
103      33.33     -7.40
104      -11.54     22.45
105      4.49     -52.22
106      52.13     0.11
107      -35.19     149.12
108      10.36     -66.59
109      22.39     88.27
110      52.50     -1.19
111      49.01     2.33
112      43.33     6.57
113      45.40     -0.19
114      39.37     19.55
115      50.52     7.09
116      41.59     -87.54
117      41.48     12.36
118      9.34     -13.37
119      41.25     -81.51
120      3.26     -76.25
121      42.31     8.48
122      -28.02     145.37
123      7.11     79.53
124      40.04     -83.04
125      33.22     -7.35
126      48.07     7.22
127      44.22     28.29
128      45.40     -0.19
129      6.21     2.23
130      55.37     12.39
131      -33.58     18.36
132      37.28     15.04
133      10.27     -75.31
134      -26.25     146.14
135      39.00     17.05
136      12.12     -68.57
137      39.09     -84.20
138      39.03     -84.20
139      51.24     -3.12
140      29.11     -81.03
141      23.46     90.23
142      14.45     42.59
143      32.50     -96.51
144      33.25     36.31
145      -6.53     39.12
146      42.34     18.16
147      -29.58     30.57
148      38.51     -77.02
149      28.34     77.07
150      39.46     -104.53
151      32.46     -96.24
152      26.16     50.10
153      47.16     5.05
154      33.52     10.47
155      14.45     -17.30
156      4.01     9.43
157      19.08     30.26
158      25.16     51.34
159      49.22     0.10
160      -8.45     115.10
161      51.08     13.46
162      -12.25     130.52
163      42.14     -83.32
164      42.13     -83.21
165      53.26     -6.15
166      51.17     6.45
167      25.15     55.20
168      0.03     32.26
169      45.32     4.18
170      55.57     -3.22
171      51.27     5.23
172      31.48     -106.16
173      52.50     -1.19
174      48.19     6.04
175      40.07     33.00
176      40.09     82.40
177      40.42     -74.10
178      50.44     -3.25
179      -34.49     -58.32
180      64.49     -147.51
181      37.01     -7.58
182      -11.35     27.31
183      59.54     10.37
184      41.49     12.15
185      14.35     -61.00
186      33.56     45.80
187      -4.23     15.26
188      43.49     11.12
189      8.37     -13.12
190      41.26     15.32
191      50.02     8.34
192      44.12     12.04
193      -21.13     27.29
194      28.27     -13.52
195      53.29     -1.00
196      -19.27     29.52
197      54.23     18.28
198      60.12     11.05
199      24.57     10.10
200      -22.50     -43.15
201      55.52     -4.26
202      45.22     5.20
203      7.09     41.43
204      44.25     8.50
205      57.40     18.18
206      41.54     2.46
207      37.11     -3.47
208      47.00     15.26
209      51.09     -0.11
210      14.34     -90.32
211      46.14     6.07
212      -2.09     -79.53
213      52.28     9.42
214      53.38     10.00
215      60.19     24.58
216      35.20     25.11
217      30.20     120.51
218      22.19     114.12
219      31.40     6.09
220      35.33     139.46
221      21.20     -157.55
222      29.59     -95.28
223      38.57     -77.27
224      43.06     -78.57
225      38.52     1.22
226      47.34     -97.27
227      50.21     30.55
228      -25.44     -54.28
229      39.44     -86.17
230      40.59     28.49
231      38.17     27.10
232      21.30     39.12
233      49.13     -2.12
234      40.38     -73.46
235      11.33     43.10
236      -6.09     106.51
237      -26.08     28.15
238      -3.22     36.38
239      45.28     -73.44
240      12.03     8.31
241      34.34     69.12
242      63.59     -22.37
243      -1.58     30.08
244      22.34     120.17
245      24.54     67.09
246      -6.18     155.43
247      17.56     -76.48
248      50.05     19.47
249      15.36     32.33
250      27.42     85.22
251      3.08     101.33
252      29.13     47.58
253      -8.51     13.14
254      10.36     -66.59
255      36.04     -115.09
256      33.56     -118.24
257      53.52     -1.39
258      48.58     2.27
259      0.27     9.25
260      34.52     33.38
261      43.11     0.00
262      59.49     30.17
263      36.51     -2.22
264      51.24     12.25
265      51.25     12.14
266      6.10     1.15
267      40.46     -73.52


268      33.57     -118.24
269      50.38     5.27
270      51.09     -0.11
271      51.28     -0.27
272      50.34     3.05
273      -12.01     -77.07
274      45.27     9.16
275      38.46     -9.08
276      46.13     14.28
277      35.30     12.37
278      48.14     14.11
279      51.28     -0.27
280      6.35     3.20
281      27.56     -15.23
282      -16.30     -68.11
283      53.21     -2.53
284      6.10     1.15
285      51.53     -0.22
286      -25.55     32.34
287      -15.20     28.27
288      4.27     114.00
289      49.37     6.12
290      -17.49     25.49
291      25.41     32.43
292      45.44     4.56
293      13.00     80.11
294      40.29     -3.34
295      31.52     -4.13
296      53.21     -2.16
297      -3.04     -60.00
298      10.34     -71.44
299      -4.02     39.36
300      46.22     15.47
301      39.18     -94.44
302      28.32     -81.20
303      23.36     58.17
304      44.25     8.50
305      -37.44     144.54
306      24.31     39.42
307      -37.41     144.51
308      19.26     -99.04
309      12.07     -86.11
310      2.01     45.19
311      25.48     -80.17
312      20.56     -89.41
313      45.27     9.16
314      35.45     10.45
315      39.07     -94.36
316      35.52     14.29
317      4.11     73.32
318      47.45     7.26
319      55.33     13.22
320      54.31     -1.25
321      14.31     121.01
322      55.58     37.25
323      43.35     3.58
324      -25.55     32.34
325      -8.58     125.13
326      43.26     5.13
327      -20.26     57.41
328      51.21     1.21
329      44.53     -93.13
330      53.52     27.33
331      50.55     5.47
332      29.59     -90.16
333      -26.31     31.19
334      48.08     11.42
335      -34.50     -56.02
336      45.38     8.43
337      49.05     6.08
338      -17.45     177.27
339      40.53     14.18
340      25.02     -77.28
341      -1.19     36.56
342      43.40     7.13
343      55.02     -1.41
344      45.56     6.06
345      12.08     15.02
346      32.56     129.56
347      35.09     36.17
348      13.29     2.10
349      18.06     -15.57
350      -13.00     28.39
351      58.35     16.15
352      35.45     140.23
353      47.09     -1.36
354      49.30     11.05
355      52.41     1.17
356      40.38     -73.46
357      55.28     10.20
358      46.26     30.41
359      26.21     127.46
360      35.26     -97.46
361      40.54     9.31
362      41.07     -95.55
363      41.14     -8.41
364      41.59     -87.54
365      51.50     -8.29
366      28.26     -81.19
367      35.38     -0.37
368      48.43     2.23
369      34.47     135.27
370      60.12     11.05
371      51.12     2.52
372      44.34     26.06
373      12.21     -1.31
374      43.26     -5.50
375      18.34     -72.17
376      48.43     2.23
377      40.05     116.36
378      -31.56     115.58
379      4.52     7.02
380      37.08     -76.30
381      39.52     -75.15
382      33.26     -112.01
383      55.52     -4.26
384      46.35     0.18
385      40.30     -80.14
386      -5.15     39.49
387      39.33     2.44
388      38.10     13.06
389      11.33     104.51
390      36.49     11.58
391      -9.27     147.13
392      10.36     -61.21
393      9.05     -79.23
394      50.06     14.16
395      43.41     10.24
396      42.26     14.11
397      16.16     -61.32
398      9.03     -79.24
399      43.23     -0.25
400      45.39     12.12
401      31.37     -8.03
402      34.03     -6.45
403      -8.08     -34.55
404      38.04     15.39
405      64.08     -21.57
406      16.54     96.09
407      49.19     4.03
408      36.23     28.07
409      -29.43     -53.42
410      -22.50     -43.15
411      45.13     14.35
412      44.01     12.37
413      48.04     -1.44
414      6.14     -10.22
415      41.49     12.15
416      14.10     145.15
417      -32.55     -60.47
418      51.57     4.26
419      24.42     46.44
420      33.37     73.06
421      6.30     -58.15
422      15.29     44.13
423      13.42     -89.07
424      32.44     -117.11
425      -23.00     -47.08
426      29.32     -98.28
427      -17.56     31.06
428      48.31     -24.80
429      -33.23     -70.47
430      42.54     -8.25
431      33.14     44.14
432      18.26     -69.40
433      47.27     -122.18
434      27.00     14.27
435      37.33     126.48
436      51.34     0.42
437      -4.40     55.31
438      37.37     -122.23
439      31.12     121.20
440      25.21     55.24
441      16.45     -22.57
442      1.21     103.54
443      37.22     -121.56
444      43.49     18.20
445      9.58     -84.16
446      9.59     -84.12
447      18.26     -66.01
448      40.31     22.58
449      41.58     21.38
450      40.53     -111.57
451      36.58     -25.10
452      52.42     -8.55
453      42.42     23.24
454      43.32     16.18
455      -12.54     -38.20
456      38.45     -90.22
457      51.33     0.14
458      59.39     17.55
459      48.41     9.13
460      38.54     16.15
461      58.53     5.38
462      55.58     37.25
463      37.26     -5.54
464      48.32     7.38
465      52.22     13.30
466      -33.56     151.10
467      29.33     52.36
468      47.48     13.00
469      40.31     17.24
470      41.19     69.24
471      28.29     -16.20
472      38.31     -28.43
473      43.11     0.00
474      28.29     -16.20
475      14.02     -87.14
476      52.29     13.24
477      35.41     51.19
478      41.20     19.47
479      32.40     13.09
480      43.37     1.23
481      32.01     34.53
482      22.49     5.27
483      0.23     6.43
484      35.43     -5.55
485      -18.48     47.29
486      33.56     8.06
487      -24.42     -53.42
488      25.04     121.33
489      37.55     12.29
490      51.23     -2.43
491      45.12     7.39
492      45.50     13.28
493      45.39     12.12
494      47.26     0.43
495      36.18     -95.52
496      36.51     10.14
497      52.34     13.18
498      35.33     139.46
499      35.54     -83.53
500      40.62     13.11
501      -0.08     -78.29
502      12.41     101.01
503      13.45     -60.57
504      44.55     4.58
505      43.14     27.49
506      45.30     12.21
507      -23.00     -47.08
508      48.07     16.33
509      39.29     -0.29
510      41.42     -4.51
511      45.24     10.53
512      38.57     -77.27
513      52.10     20.58
514      36.45     -6.04
515      53.19     -113.35
516      44.53     -63.31
517      45.41     -74.02
518      45.19     -75.40
519      46.48     -71.24
520      42.16     -82.58
521      48.57     -54.34
522      45.28     -73.44
523      49.11     -123.10
524      49.55     -97.14
525      51.07     -114.01
526      47.37     -52.45
527      43.41     -79.38
528      44.06     15.21
529      45.45     16.04
530      41.40     -1.03
531      -6.13     39.13
532      47.28     8.33
533      51.33     0.14
534      24.58     91.53


1     4     357     370     319     461     
2     3     467     431     477     
3     2     284     414     
4     2     382     450     
5     1     343     
6     9     423     312     475     426     309     332     445     446     360     
7     2     284     280     
8     9     281     471     474     401     402     295     484     349     514     
9     8     422     310     341     299     386     531     306     419     
10     3     422     310     419     
11     9     305     466     378     391     325     338     288     416     442     
12     10     402     295     484     281     514     471     474     463     275     367     
13     3     319     357     497     
14     4     463     484     514     402     
15     1     342     
16     3     484     514     463     
17     9     361     342     395     304     415     491     326     274     313     
18     3     466     305     307     
19     6     367     387     530     294     473     399     
20     6     387     367     509     486     530     323     
21     9     481     431     408     291     505     306     358     372     477     
22     2     360     495     
23     3     347     291     306     
24     5     331     269     371     272     407     
25     10     523     433     438     443     525     515     268     450     424     382     
26     9     408     347     505     358     481     372     453     448     449     
27     9     269     331     272     371     407     289     337     328     355     
28     3     503     447     392     
29     8     396     411     528     492     415     506     400     493     
30     2     481     291     
31     8     351     319     370     513     497     476     465     357     
32     10     422     306     291     419     310     341     481     431     299     440     
33     6     487     409     417     335     425     507     
34     1     306     
35     4     448     449     408     453     
36     5     499     302     366     332     456     
37     1     298     
38     2     440     303     
39     6     347     481     505     448     372     453     
40     4     467     419     440     303     
41     5     431     467     347     440     419     
42     3     512     381     380     
43     4     298     393     398     375     
44     3     487     507     425     
45     10     422     310     341     419     306     299     386     531     437     440     
46     5     387     480     323     473     509     
47     10     356     516     380     381     447     512     340     432     519     522     
48     3     356     381     522     
49     5     478     460     444     404     454     
50     10     449     478     453     454     529     448     528     300     469     508     
51     1     341     
52     5     316     479     460     404     434     
53     5     497     465     394     319     354     
54     10     413     353     490     494     384     271     279     270     374     365     
55     9     483     290     379     287     284     350     280     427     333     
56     6     481     347     408     291     431     306     
57     4     383     452     365     283     
58     3     360     495     426     
59     4     379     483     280     284     
60     1     392     
61     2     370     357     
62     8     519     522     516     517     356     518     381     512     
63     2     477     347     
64     10     313     336     511     304     491     532     395     318     400     493     
65     9     499     332     456     302     366     364     385     495     520     
66     9     296     490     283     285     271     279     270     457     533     
67     4     395     361     304     342     
68     3     525     515     524     
69     10     473     530     480     384     294     510     353     509     374     494     
70     4     349     441     414     281     
71     4     341     350     299     531     
72     3     389     406     442     
73     9     414     373     349     348     284     280     441     482     281     
74     4     319     461     370     497     
75     5     511     412     395     506     400     
76     1     317     
77     3     287     350     290     
78     1     303     
79     2     307     305     
80     3     399     473     384     
81     2     501     298     
82     1     490     
83     8     293     420     317     303     440     534     470     467     
84     7     458     351     319     461     357     497     476     
85     7     356     522     519     517     381     518     512     
86     9     357     331     269     289     418     354     337     459     497     
87     1     454     
88     6     318     532     491     344     336     464     
89     9     283     296     279     271     285     270     457     533     436     
90     9     269     418     331     272     407     371     289     337     376     
91     10     507     425     410     455     487     403     409     297     282     335     
92     6     464     532     459     337     344     491     
93     8     300     278     529     276     394     468     411     492     
94     4     508     529     300     444     
95     3     335     417     409     
96     3     527     385     518     
97     3     505     453     358     
98     1     376     
99     1     483     
100     3     496     489     390     
101     4     291     408     347     306     
102     2     488     439     
103     7     402     401     484     514     295     463     275     
104     9     350     290     287     427     324     286     333     341     531     
105     8     392     297     503     397     447     298     403     432     
106     8     533     457     436     271     279     270     355     328     
107     3     305     307     391     
108     9     298     392     503     397     447     432     421     375     393     
109     8     534     406     293     502     420     389     317     442     
110     10     296     285     283     279     271     533     457     490     270     320     
111     6     376     368     272     407     371     328     
112     10     326     491     304     344     504     336     292     323     313     274     
113     3     384     494     353     
114     10     469     449     448     460     444     404     453     454     339     396     
115     2     289     331     
116     4     456     520     329     499     
117     1     500     
118     9     414     349     441     373     284     348     280     281     474     
119     2     385     527     
120     10     501     398     393     298     446     445     309     273     475     375     
121     3     342     304     361     
122     1     466     
123     3     293     317     406     
124     5     520     385     499     364     527     
125     8     402     401     484     514     295     463     275     367     
126     6     318     532     337     289     459     344     
127     9     372     358     453     448     449     408     478     330     444     
128     2     384     494     
129     1     284     
130     1     319     
131     8     333     286     324     290     427     287     350     485     
132     2     460     316     
133     7     298     393     398     375     446     445     432     
134     10     466     307     305     391     325     378     338     416     288     321     
135     4     469     404     339     478     
136     1     298     
137     4     520     499     364     385     
138     8     520     499     364     385     456     527     512     380     
139     4     283     296     271     279     
140     1     366     
141     5     406     293     502     389     420     
142     4     306     419     310     291     
143     3     360     426     495     
144     4     347     481     431     291     
145     2     386     299     
146     1     478     
147     3     324     286     427     
148     8     512     380     381     385     356     527     520     518     
149     8     534     470     293     303     440     406     317     467     
150     2     450     360     
151     4     360     426     495     332     
152     1     467     
153     8     292     344     337     318     407     289     464     504     
154     1     486     
155     4     349     441     414     281     
156     7     483     280     284     345     348     373     482     
157     4     291     306     481     422     
158     2     440     467     
159     10     270     413     494     271     279     457     533     436     368     376     
160     6     325     288     442     389     378     321     
161     7     476     394     497     354     278     334     468     
162     2     391     288     
163     6     520     385     527     364     499     512     
164     2     520     385     
165     1     452     
166     10     331     269     289     337     418     464     407     272     318     459     
167     8     303     467     419     477     431     422     306     420     
168     4     341     299     386     531     
169     1     504     
170     9     343     320     283     296     490     285     271     279     355     
171     2     269     418     
172     6     382     426     360     450     424     495     
173     2     296     285     
174     8     289     464     318     407     269     331     532     344     
175     2     347     408     
176     8     470     534     293     406     303     440     477     467     
177     10     356     381     512     380     522     518     517     385     527     519     
178     5     490     283     296     413     271     
179     10     335     417     409     487     429     507     425     410     282     273     
180     9     523     433     515     525     438     443     268     450     424     
181     1     463     
182     1     287     
183     2     357     319     
184     9     500     396     339     412     395     361     388     506     493     
185     6     397     392     447     421     432     298     
186     1     477     
187     9     483     379     350     280     345     290     287     284     427     
188     10     395     412     511     506     493     400     415     274     313     304     
189     3     414     349     373     
190     9     339     396     469     454     500     528     460     415     404     
191     1     459     
192     9     506     493     400     492     511     395     411     415     396     
193     6     290     427     287     333     324     286     
194     2     281     471     
195     5     320     296     283     343     285     
196     8     287     290     350     286     324     333     531     386     
197     4     351     319     458     465     
198     7     357     319     351     461     458     497     476     
199     2     482     479     
200     7     507     425     487     455     409     403     335     
201     9     283     343     296     320     490     452     285     365     271     
202     1     504     
203     9     310     422     341     299     386     531     306     437     419     
204     7     336     313     274     491     342     395     511     
205     6     351     319     513     476     497     465     
206     8     323     480     387     473     326     399     530     509     
207     2     463     514     
208     1     276     
209     3     279     271     457     
210     9     475     309     312     445     446     308     398     393     311     
211     4     292     491     318     504     
212     6     273     398     393     446     445     298     
213     6     357     354     497     476     465     459     
214     7     357     497     476     465     319     354     459     
215     2     458     330     
216     5     408     448     449     453     478     
217     10     488     359     435     346     377     369     321     498     352     389     
218     4     488     321     439     359     
219     9     314     496     479     277     390     367     387     489     482     
220     4     352     369     346     435     
221     3     443     268     424     
222     4     332     360     495     315     
223     4     380     381     385     356     
224     8     527     385     518     520     512     381     517     522     
225     4     509     367     530     473     
226     1     329     
227     2     330     372     
228     5     409     507     425     335     417     
229     9     364     456     520     499     385     527     315     301     329     
230     8     408     372     453     448     358     449     478     347     
231     9     505     448     453     372     449     478     358     347     481     
232     10     422     291     419     481     431     347     467     440     477     408     
233     9     490     353     270     271     279     285     457     533     494     
234     10     381     512     380     522     517     518     519     527     385     520     
235     8     422     310     306     419     341     299     386     291     
236     10     288     389     325     502     406     321     378     293     534     488     
237     2     324     286     
238     10     299     386     531     310     350     287     427     290     485     437     
239     6     517     518     519     356     381     527     
240     9     345     379     280     284     373     482     483     434     414     
241     10     470     303     440     467     477     293     534     419     431     317     
242     7     428     452     365     383     283     343     296     
243     10     341     299     386     531     350     287     310     427     290     345     
244     4     321     359     439     346     
245     4     303     420     440     467     
246     2     416     338     
247     5     432     340     311     298     393     
248     2     508     394     
249     5     291     306     422     419     481     
250     6     534     420     293     406     470     502     
251     8     389     502     288     406     321     293     534     325     
252     7     467     419     431     477     440     306     303     
253     4     483     379     290     350     
254     5     298     392     503     397     447     
255     7     424     382     450     443     438     433     525     
256     4     424     443     438     382     
257     9     320     296     283     343     285     271     279     490     533     
258     4     368     407     272     494     
259     5     379     280     284     345     348     
260     3     481     347     408     
261     8     399     480     530     384     323     509     494     353     
262     9     330     462     322     513     458     358     351     372     505     
263     10     367     509     463     484     514     294     402     530     295     510     
264     1     465     
265     2     497     465     
266     5     280     379     373     348     483     
267     1     356     

9
0.03

327
362
363
405
430
451
472
521
526
