1
724
362
361
180


0      605.61     796.60

1      681.80     1025.20
2      605.61     1152.21
3      605.61     1253.81
4      656.41     1736.41
5      808.81     2041.19
6      726.25     1825.29
7      758.01     1863.40
8      783.40     1736.41
9      808.81     1736.41
10      758.01     1101.41
11      758.01     796.60
12      758.01     821.99
13      872.30     733.11
14      885.00     2066.60
15      872.30     1787.21
16      935.80     1965.00
17      910.39     707.70
18      935.80     1812.60
19      935.80     1761.80
20      935.80     1177.60
21      986.60     1380.80
22      1011.99     898.20
23      986.60     1203.01
24      986.60     1152.21
25      986.60     821.99
26      1011.99     796.60
27      986.60     923.59
28      1062.79     1126.80
29      1113.59     1431.60
30      1139.00     1482.40
31      1189.80     949.00
32      1189.80     1253.81
33      1240.61     1507.79
34      1291.41     1355.39
35      1266.00     1253.81
36      1189.80     1101.41
37      1189.80     1380.80
38      1113.59     1152.21
39      1113.59     821.99
40      1189.80     707.70
41      1151.70     733.11
42      1113.59     923.59
43      1113.59     1101.41
44      1113.59     1228.40
45      1113.59     949.00
46      1113.59     1406.19
47      1139.00     860.10
48      1189.80     733.11
49      1240.61     1711.00
50      1266.00     1736.41
51      1291.41     1863.40
52      1278.69     2047.56
53      1285.06     2053.91
54      1291.41     2041.19
55      1329.49     1958.65
56      1291.41     1965.00
57      1323.14     1952.30
58      1316.80     1787.21
59      1342.21     1863.40
60      1329.49     1945.96
61      1335.86     1952.30
62      1164.39     2244.39
63      1164.39     2091.99
64      1189.80     1584.00
65      1215.20     1711.00
66      1164.39     1634.80
67      1164.39     1787.21
68      1189.80     1863.40
69      1189.80     2244.39
70      1266.00     2168.20
71      1278.69     2060.25
72      1272.34     2053.91
73      1240.61     2041.19
74      1227.89     1958.65
75      1234.26     1952.30
76      1240.61     1965.00
77      1291.41     1609.39
78      1291.41     1076.00
79      1266.00     707.70
80      1189.80     847.40
81      1139.00     1533.20
82      1113.59     2028.50
83      1088.20     2244.39
84      1088.20     2079.30
85      999.30     2180.90
86      1011.99     1736.41
87      1062.79     1685.61
88      1037.40     1634.80
89      1113.59     1863.40
90      1062.79     771.19
91      1062.79     821.99
92      1024.71     1279.20
93      986.60     1507.79
94      1037.40     872.79
95      1037.40     1482.40
96      1011.99     1609.39
97      961.19     1711.00
98      999.30     733.11
99      1011.99     1901.50
100      1037.40     1914.20
101      1062.79     1736.41
102      1062.79     1609.39
103      1240.61     2244.39
104      1342.21     1939.61
105      1291.41     2168.20
106      1316.80     1584.00
107      1266.00     1685.61
108      1215.20     1787.21
109      1189.80     1965.00
110      1215.20     2041.19
111      1240.61     1863.40
112      1227.89     1945.96
113      1221.54     1952.30
114      1189.80     2091.99
115      1215.20     2168.20
116      1367.60     1634.80
117      1494.61     2244.39
118      1520.00     2028.50
119      1570.80     1812.60
120      1596.19     1812.60
121      1570.80     2244.39
122      1672.40     1939.61
123      1710.51     1996.76
124      1716.86     2003.11
125      1748.59     2015.80
126      1850.20     2142.79
127      1875.61     2244.39
128      1951.80     2091.99
129      1913.69     2079.30
130      1977.21     2244.39
131      1799.39     2168.20
132      1850.20     2219.00
133      1824.80     1634.80
134      1774.00     1736.41
135      1723.20     1761.80
136      1799.39     1507.79
137      1799.39     1456.99
138      1799.39     1228.40
139      1761.31     1228.40
140      1748.59     1431.60
141      1862.89     949.00
142      1786.70     707.70
143      1901.00     898.20
144      1926.41     872.79
145      1774.00     1939.61
146      1774.00     1812.60
147      1748.59     1634.80
148      1748.59     1888.81
149      1672.40     1761.80
150      1672.40     1812.60
151      1723.20     1406.19
152      1723.20     1330.00
153      1723.20     999.80
154      1710.51     733.11
155      1697.79     821.99
156      1723.20     1152.21
157      1672.40     1076.00
158      1646.99     1304.61
159      1723.20     1076.00
160      1748.59     898.20
161      1723.20     1203.01
162      1799.39     796.60
163      1748.59     733.11
164      1799.39     999.80
165      1824.80     987.11
166      1723.20     1990.39
167      1697.79     1939.61
168      1704.14     2003.11
169      1710.51     2009.45
170      1646.99     2244.39
171      1774.00     1965.00
172      1926.41     923.59
173      1913.69     707.70
174      2002.60     923.59
175      1951.80     707.70
176      1926.41     796.60
177      1989.90     707.70
178      1977.21     796.60
179      2028.01     796.60
180      2066.09     733.11
181      2104.20     796.60
182      2028.01     707.70
183      2002.60     872.79
184      2155.00     1253.81
185      2161.35     1266.50
186      2167.70     1272.85
187      2205.80     1558.59
188      2281.99     1761.80
189      2332.79     1558.59
190      2358.20     1126.80
191      2447.11     1584.00
192      2383.59     2142.79
193      2358.20     2066.60
194      2383.59     2015.80
195      2434.39     1406.19
196      2409.00     2015.80
197      2434.39     2053.91
198      2434.39     1355.39
199      2459.80     796.60
200      2459.80     1330.00
201      2421.70     974.39
202      2409.00     872.79
203      2459.80     974.39
204      2485.20     1279.20
205      2536.00     796.60
206      2523.30     1355.39
207      2523.30     1584.00
208      2561.41     1939.61
209      2561.41     2244.39
210      2510.61     2142.79
211      2713.81     2244.39
212      2713.81     2142.79
213      2701.09     2079.30
214      2688.40     1126.80
215      2663.01     1761.80
216      2663.01     1050.61
217      2637.60     1101.41
218      2612.21     1152.21
219      2637.60     1355.39
220      2561.41     1558.59
221      2586.80     1939.61
222      2612.21     1812.60
223      2586.80     1761.80
224      2561.41     1812.60
225      2561.41     1761.80
226      2612.21     999.80
227      2701.09     1291.89
228      2764.61     1126.80
229      2790.00     1152.21
230      2840.80     1126.80
231      2790.00     821.99
232      2739.20     821.99
233      2713.81     872.79
234      2612.21     796.60
235      2434.39     1304.61
236      2497.89     834.71
237      2536.00     872.79
238      2561.41     821.99
239      2612.21     834.71
240      2574.10     949.00
241      2561.41     796.60
242      2561.41     999.80
243      2586.80     1101.41
244      2510.61     1177.60
245      2536.00     1203.01
246      2472.50     1558.59
247      2561.41     2066.60
248      2637.60     2219.00
249      2586.80     2104.71
250      2561.41     2104.71
251      2637.60     2244.39
252      2637.60     2142.79
253      2536.00     1456.99
254      2497.89     1101.41
255      2447.11     1558.59
256      2383.59     1469.71
257      2281.99     1812.60
258      2231.19     2041.19
259      2434.39     2219.00
260      2440.74     2231.70
261      2459.80     2244.39
262      2453.46     2231.70
263      2447.11     2225.35
264      2358.20     1812.60
265      2383.59     1939.61
266      2307.40     2142.79
267      2256.60     2142.79
268      2332.79     1939.61
269      2370.90     1101.41
270      2231.19     2142.79
271      2167.70     2079.30
272      2129.61     2244.39
273      2129.61     2041.19
274      2180.39     2219.00
275      2078.81     2142.79
276      2078.81     2244.39
277      2078.81     2066.60
278      2028.01     2244.39
279      2053.40     2117.40
280      2028.01     2142.79
281      2053.40     2219.00
282      2002.60     2066.60
283      1977.21     2066.60
284      3018.59     2193.59
285      3044.00     2142.79
286      3044.00     2219.00
287      2967.79     2168.20
288      2980.51     2104.71
289      3069.39     2219.00
290      3069.39     2142.79
291      3132.91     2117.40
292      3209.10     1952.30
293      3196.41     2066.60
294      3120.20     2015.80
295      3171.00     1812.60
296      3107.50     1584.00
297      3094.80     1965.00
298      3069.39     2015.80
299      2993.20     1939.61
300      2993.20     2015.80
301      2967.79     2066.60
302      2993.20     898.20
303      3018.59     1050.61
304      3044.00     872.79
305      3069.39     949.00
306      3069.39     796.60
307      3069.39     898.20
308      3120.20     796.60
309      3171.00     923.59
310      3120.20     1050.61
311      3171.00     999.80
312      3145.61     1050.61
313      3120.20     1126.80
314      3145.61     872.79
315      3094.80     1304.61
316      2993.20     949.00
317      2967.79     796.60
318      2993.20     796.60
319      2840.80     872.79
320      2815.41     796.60
321      2802.70     1215.70
322      2828.11     1330.00
323      2790.00     1380.80
324      2802.70     1330.00
325      2891.60     1101.41
326      2866.19     1050.61
327      2853.50     974.39
328      2866.19     1253.81
329      2739.20     796.60
330      2764.61     1279.20
331      2840.80     1279.20
332      2916.99     1253.81
333      2904.30     1025.20
334      2916.99     1406.19
335      2891.60     1342.70
336      2866.19     1342.70
337      2815.41     1431.60
338      2853.50     1456.99
339      2840.80     1761.80
340      2790.00     1634.80
341      2840.80     1685.61
342      2726.50     1939.61
343      2790.00     1939.61
344      2790.00     2015.80
345      2739.20     1825.29
346      2764.61     1507.79
347      2790.00     1431.60
348      2790.00     1584.00
349      2764.61     1761.80
350      2815.41     1761.80
351      2739.20     1571.31
352      2840.80     2117.40
353      2866.19     2142.79
354      2967.79     1126.80
355      3018.59     1126.80
356      3044.00     1050.61
357      3069.39     1304.61
358      3005.90     1228.40
359      3044.00     1380.80
360      3120.20     1177.60
361      3145.61     1253.81
362      3171.00     1177.60


363      3120.20     1380.80
364      3298.01     2168.20
365      3488.50     1157.40
366      3505.18     1167.40
367      3508.50     1194.06
368      3488.50     1260.74
369      3505.18     1240.74
370      3498.50     1220.74
371      3508.50     1197.40
372      3498.50     1170.74
373      3495.18     1160.74
374      3488.50     1127.40
375      3498.50     1120.74
376      3488.50     1097.40
377      3488.50     1094.06
378      3508.50     1077.40
379      3498.50     1057.40
380      3498.50     1050.74
381      3508.50     1037.40
382      3488.50     1020.74
383      3508.50     1000.74
384      3425.00     999.80
385      3488.50     907.40
386      3488.50     927.40
387      3495.18     940.74
388      3495.18     920.74
389      3508.50     900.74
390      3498.50     894.06
391      3508.50     880.74
392      3488.50     860.74
393      3450.41     872.79
394      3348.81     771.19
395      3323.40     707.70
396      3272.60     847.40
397      3221.80     999.80
398      3323.40     974.39
399      3374.20     898.20
400      3298.01     847.40
401      3196.41     796.60
402      3196.41     1266.50
403      3221.80     2168.20
404      3272.60     1101.41
405      3272.60     1025.20
406      3298.01     923.59
407      3272.60     2041.19
408      3298.01     1990.39
409      3348.81     2066.60
410      3399.61     1812.60
411      3361.50     1787.21
412      3336.09     1914.20
413      3361.50     1990.39
414      3399.61     2066.60
415      3272.60     1761.80
416      3234.49     1799.90
417      3272.60     1507.79
418      3298.01     1558.59
419      3247.21     1634.80
420      3405.96     2211.31
421      3410.96     2216.31
422      3405.96     2231.31
423      3395.96     2231.31
424      3495.18     2167.56
425      3498.50     2157.56
426      3498.50     2150.90
427      3498.50     2140.90
428      3488.50     2120.90
429      3505.18     2100.90
430      3498.50     2080.90
431      3488.50     2057.56
432      3488.50     2054.24
433      3498.50     2037.56
434      3488.50     2040.90
435      3498.50     2020.90
436      3495.18     2000.90
437      3508.50     1997.56
438      3498.50     1977.56
439      3498.50     1970.90
440      3495.18     1960.90
441      3508.50     1957.56
442      3488.50     1927.56
443      3498.50     1920.90
444      3488.50     1897.56
445      3488.50     1894.24
446      3508.50     1877.56
447      3498.50     1857.56
448      3498.50     1850.90
449      3508.50     1837.56
450      3488.50     1820.90
451      3508.50     1800.90
452      3437.70     1850.70
453      3348.81     1406.19
454      3348.81     1507.79
455      3348.81     1456.99
456      3323.40     1761.80
457      3323.40     1863.40
458      3323.40     1634.80
459      3374.20     1685.61
460      3399.61     1914.20
461      3412.30     1977.70
462      3399.61     1685.61
463      3399.61     1558.59
464      3425.00     1584.00
465      3323.40     1558.59
466      3298.01     1507.79
467      3221.80     1380.80
468      3272.60     1406.19
469      3323.40     1380.80
470      3348.81     1177.60
471      3348.81     1253.81
472      3272.60     1177.60
473      3247.21     1228.40
474      3171.00     1253.81
475      3145.61     1456.99
476      3171.00     1533.20
477      3044.00     1761.80
478      3005.90     1736.41
479      3018.59     1558.59
480      2993.20     1787.21
481      2942.40     1761.80
482      2993.20     1304.61
483      3044.00     2066.60
484      3044.00     2015.80
485      3120.20     1685.61
486      3120.20     1761.80
487      3069.39     1507.79
488      3069.39     1380.80
489      3018.59     1634.80
490      2967.79     1533.20
491      2891.60     1507.79
492      2916.99     1863.40
493      2891.60     1888.81
494      2891.60     1685.61
495      2866.19     1787.21
496      2840.80     1507.79
497      2815.41     2015.80
498      2840.80     1787.21
499      2891.60     1977.70
500      2916.99     2041.19
501      2891.60     2142.79
502      2866.19     2168.20
503      2891.60     2066.60
504      2916.99     2219.00
505      2815.41     2244.39
506      2815.41     2066.60
507      2790.00     2142.79
508      2739.20     2168.20
509      2764.61     2066.60
510      2663.01     2244.39
511      2612.21     2066.60
512      2637.60     1406.19
513      2637.60     1584.00
514      2536.00     2015.80
515      2536.00     1812.60
516      2510.61     1838.01
517      2485.20     1787.21
518      2510.61     1685.61
519      2485.20     1838.01
520      2485.20     1939.61
521      2510.61     2219.00
522      2383.59     1888.81
523      2332.79     1888.81
524      2447.11     2238.05
525      2485.20     2015.80
526      2459.80     2066.60
527      2358.20     1279.20
528      2294.71     1355.39
529      2281.99     872.79
530      2307.40     1253.81
531      2320.10     1171.25
532      2326.45     1164.90
533      2320.10     872.79
534      2320.10     1158.55
535      2313.75     1164.90
536      2294.71     1228.40
537      2307.40     1050.61
538      2332.79     1177.60
539      2332.79     1304.61
540      2358.20     1330.00
541      2358.20     1634.80
542      2307.40     1634.80
543      2205.80     1761.80
544      2281.99     1558.59
545      2231.19     1228.40
546      2243.91     1279.20
547      2281.99     1634.80
548      2231.19     1177.60
549      2129.61     1507.79
550      2155.00     1304.61
551      2155.00     1177.60
552      2167.70     1260.16
553      2174.04     1266.50
554      2129.61     1685.61
555      2155.00     1634.80
556      2078.81     1609.39
557      2066.09     1152.21
558      2028.01     1253.81
559      2167.70     885.51
560      2193.11     1152.21
561      2180.39     1050.61
562      2205.80     1126.80
563      2205.80     1253.81
564      2231.19     923.59
565      2155.00     1406.19
566      2053.40     1838.01
567      2078.81     1761.80
568      2053.40     1507.79
569      2002.60     1355.39
570      2053.40     1431.60
571      2053.40     1685.61
572      2129.61     1380.80
573      2129.61     1456.99
574      2078.81     1279.20
575      2028.01     1736.41
576      2002.60     1838.01
577      1977.21     1838.01
578      1977.21     1787.21
579      1951.80     1812.60
580      2002.60     1685.61
581      1977.21     1431.60
582      1901.00     1406.19
583      1926.41     1812.60
584      2002.60     1939.61
585      1977.21     1533.20
586      2002.60     1507.79
587      1926.41     1304.61
588      1939.10     1609.39
589      1901.00     1253.81
590      2002.60     1050.61
591      2002.60     1253.81
592      2028.01     999.80
593      1951.80     1253.81
594      2002.60     1177.60
595      2104.20     999.80
596      2028.01     1152.21
597      2002.60     999.80
598      1913.69     1152.21
599      1977.21     999.80
600      1850.20     1177.60
601      1850.20     1812.60
602      1875.61     2015.80
603      1862.89     1888.81
604      1850.20     1076.00
605      1850.20     1304.61
606      1850.20     1406.19
607      1799.39     1330.00
608      1723.20     1101.41
609      1672.40     872.79
610      1634.30     733.11
611      1570.80     796.60
612      1583.50     733.11
613      1596.19     847.40
614      1596.19     1126.80
615      1596.19     1177.60
616      1596.19     923.59
617      1570.80     1076.00
618      1596.19     1355.39
619      1672.40     847.40
620      1621.60     1431.60
621      1570.80     999.80
622      1596.19     949.00
623      1570.80     1253.81
624      1532.70     1228.40
625      1443.81     1456.99
626      1494.61     1203.01
627      1545.39     847.40
628      1520.00     1431.60
629      1596.19     898.20
630      1672.40     707.70
631      1672.40     821.99
632      1570.80     1203.01
633      1570.80     1482.40
634      1596.19     1482.40
635      1672.40     1203.01
636      1596.19     1406.19
637      1646.99     1380.80
638      1545.39     1787.21
639      1520.00     1761.80
640      1545.39     1812.60
641      1494.61     1558.59
642      1545.39     1685.61
643      1545.39     1558.59
644      1469.20     1634.80
645      1469.20     1558.59
646      1443.81     1761.80
647      1494.61     1812.60
648      1520.00     2142.79
649      1545.39     2244.39
650      1494.61     1888.81
651      1443.81     1685.61
652      1443.81     1888.81
653      1469.20     974.39
654      1545.39     733.11
655      1494.61     847.40
656      1494.61     1126.80
657      1494.61     1177.60
658      1532.70     872.79
659      1545.39     1304.61
660      1494.61     1076.00
661      1494.61     949.00
662      1494.61     1304.61
663      1443.81     1330.00
664      1443.81     1050.61
665      1367.60     1304.61
666      1393.01     1431.60
667      1393.01     898.20
668      1367.60     1152.21
669      1342.21     999.80
670      1316.80     733.11
671      1291.41     1126.80
672      1443.81     796.60
673      1507.30     733.11
674      1443.81     847.40
675      1367.60     1482.40
676      1367.60     1203.01
677      1418.40     860.10
678      1367.60     1330.00
679      1367.60     923.59
680      1367.60     1101.41
681      1367.60     821.99
682      1469.20     707.70
683      1240.61     974.39
684      1189.80     821.99
685      1151.70     1279.20
686      1062.79     1507.79
687      1062.79     1279.20
688      1088.20     1317.30
689      1062.79     923.59
690      986.60     1456.99
691      961.19     1406.19
692      859.61     1279.20
693      859.61     1025.20
694      935.80     1584.00
695      897.70     1418.91
696      859.61     1152.21
697      808.81     1330.00
698      859.61     1533.20
699      834.20     1939.61
700      808.81     1863.40
701      758.01     1660.20
702      758.01     1279.20
703      758.01     1177.60
704      681.80     1787.21
705      681.80     1838.01
706      707.21     1939.61
707      732.60     1939.61
708      783.40     1888.81
709      758.01     1787.21
710      732.60     1584.00
711      681.80     1355.39
712      681.80     1279.20
713      656.41     1838.01
714      681.80     999.80
715      713.55     1825.29
716      719.90     1831.64
717      681.80     2041.19
718      758.01     1939.61
719      808.81     1965.00
720      808.81     1152.21
721      808.81     999.80
722      808.81     949.00
723      681.80     923.59


1     10     723     721     722     703     693     720     696     712     702     692     
2     4     712     703     714     702     
3     10     711     702     703     697     720     692     714     696     721     695     
4     9     713     705     715     709     716     701     710     700     708     
5     2     699     718     
6     8     715     705     709     704     713     708     700     707     
7     1     716     
8     4     709     701     715     704     
9     1     709     
10     7     703     696     721     693     714     722     702     
11     8     723     722     721     714     693     689     720     696     
12     7     723     722     721     714     693     689     720     
13     10     722     689     723     721     693     714     684     696     720     683     
14     4     719     699     718     707     
15     5     700     709     708     699     716     
16     6     699     719     700     708     718     707     
17     1     722     
18     6     700     699     708     709     719     716     
19     3     700     694     709     
20     7     696     692     720     687     693     703     697     
21     7     690     695     688     687     686     692     697     
22     2     689     684     
23     1     687     
24     1     696     
25     9     689     684     722     693     721     683     723     670     714     
26     9     689     684     722     693     721     683     670     723     681     
27     10     689     693     722     721     684     683     696     720     723     714     
28     1     687     
29     4     686     688     690     691     
30     5     686     690     688     691     685     
31     7     684     689     669     679     671     667     681     
32     5     688     687     671     665     676     
33     4     675     666     686     625     
34     2     665     666     
35     4     665     676     685     678     
36     10     671     683     680     685     669     668     676     687     689     688     
37     5     685     688     687     686     678     
38     5     685     687     688     671     683     
39     9     684     689     683     670     681     679     669     667     677     
40     4     684     670     681     689     
41     2     684     670     
42     1     689     
43     8     671     683     685     687     689     688     669     680     
44     8     687     688     671     691     676     692     690     696     
45     6     689     683     684     669     671     679     
46     3     688     686     685     
47     2     684     689     
48     7     684     670     681     689     683     679     677     
49     9     651     646     644     675     652     686     647     645     639     
50     6     646     651     644     652     647     639     
51     6     652     646     650     647     651     639     
52     5     652     648     650     647     646     
53     4     652     648     650     647     
54     9     652     648     650     647     646     649     640     638     639     
55     8     652     650     647     646     640     648     639     638     
56     7     652     650     647     646     648     640     639     
57     8     652     650     647     646     640     648     639     638     
58     2     646     651     
59     3     652     646     650     
60     5     652     650     647     646     640     
61     1     652     
62     2     648     649     
63     1     652     
64     9     686     675     690     694     666     651     645     644     625     
65     8     651     646     686     644     675     652     645     647     
66     5     686     694     690     675     651     
67     3     646     686     651     
68     5     652     646     650     647     651     
69     5     648     649     652     699     650     
70     5     648     649     652     650     647     
71     4     652     648     650     649     
72     10     652     648     650     647     649     646     640     638     639     651     
73     8     652     650     648     647     646     649     640     639     
74     7     652     650     646     647     648     651     640     
75     10     652     650     646     647     651     640     648     639     638     644     
76     6     652     650     646     647     648     640     
77     7     675     651     644     645     666     641     625     
78     1     680     
79     3     684     681     672     
80     10     683     689     670     681     679     667     669     677     674     672     
81     8     686     690     694     691     688     675     685     687     
82     7     699     719     700     708     652     718     707     
83     3     719     699     648     
84     2     699     719     
85     1     719     
86     4     694     686     700     698     
87     2     694     686     
88     5     694     686     690     698     691     
89     5     699     700     719     708     694     
90     9     684     689     670     683     681     722     693     679     721     
91     5     689     684     683     670     722     
92     9     688     685     691     692     690     695     696     697     686     
93     9     686     694     691     695     698     688     687     697     692     
94     4     689     684     683     693     
95     3     690     691     694     
96     9     694     686     690     698     691     695     701     710     688     
97     8     694     698     701     700     709     686     708     690     
98     4     689     684     722     670     
99     5     699     700     719     708     718     
100     3     699     700     719     
101     6     694     686     700     698     690     699     
102     5     686     694     690     698     691     
103     2     648     649     
104     6     652     650     647     646     640     639     
105     10     648     649     652     650     647     646     640     638     639     651     
106     4     675     645     644     651     
107     7     651     646     644     675     645     647     641     
108     4     646     651     652     647     
109     4     652     650     646     647     
110     5     652     650     648     646     647     
111     3     652     646     650     
112     2     652     650     
113     7     652     650     646     647     651     640     648     
114     1     652     
115     6     648     649     652     650     699     647     
116     5     651     644     645     646     641     
117     1     648     
118     1     650     
119     1     640     
120     9     640     638     639     647     650     642     646     652     651     
121     8     648     650     652     602     640     647     638     603     
122     3     640     650     603     
123     1     602     
124     8     602     603     601     648     650     640     638     583     
125     1     602     
126     3     602     584     603     
127     4     602     584     649     603     
128     4     602     584     603     577     
129     8     602     584     603     577     576     583     579     601     
130     3     602     584     603     
131     1     602     
132     6     602     649     584     603     648     577     
133     2     588     601     
134     10     601     583     603     579     588     578     577     580     638     642     
135     7     601     638     640     603     642     639     583     
136     2     606     582     
137     5     606     582     607     605     637     
138     5     600     605     607     589     635     
139     6     635     600     607     605     608     589     
140     8     606     637     607     620     636     582     634     605     
141     1     599     
142     8     630     610     631     619     609     612     611     613     
143     10     599     597     592     590     604     595     609     619     631     598     
144     5     599     597     592     590     604     
145     3     603     602     601     
146     7     601     603     583     579     578     577     602     
147     9     588     601     642     634     643     633     620     606     585     
148     2     603     601     
149     5     638     640     642     639     647     
150     6     640     638     639     647     601     642     
151     3     637     620     607     
152     2     607     637     
153     4     608     609     622     604     
154     1     630     
155     9     619     609     613     610     630     629     611     616     612     
156     3     635     600     615     
157     8     608     614     617     621     615     635     622     632     
158     10     637     623     659     635     636     632     620     615     624     662     
159     2     604     635     
160     7     619     631     629     616     622     613     610     
161     5     635     608     600     615     607     
162     10     631     619     609     630     610     613     612     629     611     616     
163     1     630     
164     4     604     608     599     609     
165     5     604     608     599     597     598     
166     10     602     603     601     650     640     648     638     583     584     647     
167     7     603     602     640     601     650     638     647     
168     5     602     603     648     650     601     
169     10     602     603     648     601     650     640     638     649     583     647     
170     6     649     648     602     650     652     603     
171     7     602     603     601     583     584     579     577     
172     6     599     597     592     590     604     595     
173     9     630     631     619     610     609     599     597     559     592     
174     6     597     599     592     595     590     559     
175     5     630     559     599     597     631     
176     5     599     597     592     631     559     
177     7     559     599     597     592     595     630     564     
178     10     599     597     592     559     595     590     564     631     604     619     
179     3     559     592     597     
180     9     559     564     529     592     595     597     599     533     590     
181     2     559     564     
182     5     559     592     597     564     599     
183     3     597     599     592     
184     5     552     553     550     563     551     
185     3     553     550     563     
186     8     552     550     563     546     545     574     551     548     
187     10     549     555     547     573     542     556     554     565     568     541     
188     8     543     547     542     523     541     522     554     555     
189     7     542     541     547     555     528     549     518     
190     10     534     532     538     531     535     537     536     548     530     562     
191     5     541     518     542     544     547     
192     2     526     524     
193     5     526     525     522     523     520     
194     4     526     525     522     520     
195     10     540     539     527     528     530     512     544     536     546     541     
196     6     526     525     520     514     522     523     
197     8     525     514     520     522     511     521     524     523     
198     8     540     527     539     528     530     536     538     546     
199     1     533     
200     6     540     527     539     528     530     512     
201     1     537     
202     7     529     564     537     559     561     534     532     
203     7     537     533     529     534     532     564     538     
204     7     527     540     539     530     538     532     536     
205     2     533     529     
206     10     512     540     527     539     528     530     513     538     536     532     
207     9     518     513     541     517     512     542     515     544     547     
208     6     520     514     525     516     519     515     
209     6     510     524     511     508     526     514     
210     2     521     526     
211     4     508     505     507     502     
212     5     507     509     510     506     511     
213     9     509     511     508     507     506     497     510     514     502     
214     1     512     
215     7     515     518     516     498     513     517     519     
216     6     538     532     537     512     534     531     
217     6     512     538     532     534     531     535     
218     4     512     538     527     532     
219     3     513     496     540     
220     5     513     518     512     541     517     
221     9     514     520     516     525     511     515     519     526     517     
222     9     515     516     517     519     518     520     514     498     513     
223     3     515     517     518     
224     5     516     517     519     518     520     
225     7     515     517     518     516     519     513     520     
226     8     537     533     532     538     534     531     535     529     
227     3     512     496     491     
228     2     482     512     
229     1     482     
230     1     482     
231     9     401     397     533     396     400     529     406     405     482     
232     3     533     401     529     
233     2     533     529     
234     1     533     
235     8     540     527     539     530     528     536     538     531     
236     3     533     529     564     
237     6     533     529     537     564     534     532     
238     9     533     529     537     564     559     534     532     538     535     
239     9     533     529     537     564     534     532     538     535     531     
240     6     533     537     529     532     534     538     
241     3     533     529     564     
242     8     537     533     532     534     538     531     535     529     
243     4     538     532     534     531     
244     9     538     527     532     531     534     535     540     530     539     
245     5     527     538     532     531     540     
246     1     518     
247     10     511     514     525     526     520     521     509     510     508     524     
248     7     510     508     521     511     507     505     524     
249     2     511     514     
250     5     511     514     526     525     521     
251     10     510     508     521     505     511     507     524     509     502     514     
252     9     511     508     510     521     509     507     514     526     506     
253     9     512     513     540     518     527     541     539     528     544     
254     8     538     532     534     531     535     537     527     536     
255     8     541     518     542     544     547     513     517     512     
256     3     544     540     528     
257     6     543     523     522     547     542     541     
258     6     523     522     526     584     525     566     
259     4     524     521     526     525     
260     6     524     521     526     525     510     514     
261     3     521     526     510     
262     5     524     521     526     510     525     
263     3     524     521     526     
264     4     522     523     517     519     
265     1     523     
266     1     524     
267     6     524     526     525     523     521     522     
268     5     522     520     525     526     519     
269     4     534     532     537     538     
270     7     524     526     523     525     521     522     584     
271     2     584     523     
272     8     524     584     602     526     521     523     566     525     
273     7     584     566     576     523     577     602     567     
274     3     524     526     521     
275     3     584     602     566     
276     9     602     584     524     566     576     603     577     526     521     
277     5     584     602     566     576     577     
278     2     602     584     
279     10     584     602     566     576     577     603     579     583     578     567     
280     4     602     584     603     566     
281     1     602     
282     9     584     602     603     576     577     566     579     583     578     
283     4     602     584     603     577     
284     2     504     483     
285     5     483     484     504     501     500     
286     4     504     483     501     403     
287     5     504     501     502     503     483     
288     10     483     500     501     503     484     504     502     499     506     497     
289     5     504     483     403     501     484     
290     9     483     484     403     504     501     500     503     502     407     
291     5     403     483     484     407     364     
292     5     407     412     457     416     413     
293     2     403     408     
294     4     484     483     407     408     
295     5     486     415     485     477     456     
296     10     487     479     489     485     475     490     419     486     417     478     
297     5     484     483     407     500     499     
298     6     483     500     499     503     407     492     
299     1     484     
300     5     483     500     499     503     501     
301     3     500     503     483     
302     3     401     397     396     
303     2     397     474     
304     9     401     397     396     400     406     405     398     394     404     
305     2     397     401     
306     10     401     396     400     397     406     395     394     405     398     399     
307     9     401     397     396     406     400     405     398     404     399     
308     3     401     396     400     
309     10     397     396     406     401     405     400     398     399     404     394     
310     10     397     405     404     472     474     398     473     406     402     396     
311     4     405     404     406     398     
312     10     397     405     404     472     398     406     473     474     402     470     
313     9     474     404     402     472     397     473     405     482     470     
314     8     401     396     397     400     406     405     398     394     
315     2     363     488     
316     10     397     401     405     396     406     404     400     398     474     482     
317     2     401     396     
318     5     401     396     397     400     406     
319     3     401     397     396     
320     4     401     397     396     400     
321     1     482     
322     6     482     496     491     512     488     490     
323     10     496     512     491     482     490     513     488     479     487     494     
324     4     496     512     482     491     
325     8     482     474     488     397     402     363     473     404     
326     1     482     
327     1     482     
328     3     482     488     496     
329     2     533     401     
330     7     512     482     496     491     488     490     513     
331     3     482     496     491     
332     3     482     488     363     
333     2     482     397     
334     4     491     482     496     490     
335     2     482     491     
336     6     482     496     491     488     490     512     
337     9     496     491     512     490     482     513     479     488     487     
338     7     496     491     490     479     482     487     512     
339     4     498     495     494     481     
340     3     494     496     513     
341     7     498     495     481     478     496     480     489     
342     5     497     509     506     499     511     
343     4     497     499     493     509     
344     3     509     506     499     
345     5     498     495     493     492     515     
346     2     496     491     
347     1     496     
348     5     496     491     494     513     490     
349     2     498     495     
350     8     498     495     494     481     492     493     480     478     
351     4     513     496     491     494     
352     10     506     502     501     507     503     509     497     500     508     504     
353     3     501     507     503     
354     9     482     474     402     488     397     363     473     404     472     
355     5     482     474     402     397     473     
356     3     397     405     404     
357     4     482     488     363     474     
358     5     488     474     363     402     473     
359     7     363     482     475     487     490     467     479     
360     1     474     
361     2     402     473     
362     4     474     473     402     472     

116
0.32

365
366
367
368
369
370
371
372
373
374
375
376
377
378
379
380
381
382
383
384
385
386
387
388
389
390
391
392
393
409
410
411
414
418
420
421
422
423
424
425
426
427
428
429
430
431
432
433
434
435
436
437
438
439
440
441
442
443
444
445
446
447
448
449
450
451
452
453
454
455
458
459
460
461
462
463
464
465
466
468
469
471
476
557
558
560
569
570
571
572
575
581
586
587
591
593
594
596
618
626
627
628
653
654
655
656
657
658
660
661
663
664
673
682
706
717
